0.0	100.0	32.369942196531795	48.908296943231456
0.01	100.0	32.369942196531795	48.908296943231456
0.02	100.0	32.369942196531795	48.908296943231456
0.03	100.0	32.369942196531795	48.908296943231456
0.04	100.0	32.369942196531795	48.908296943231456
0.05	100.0	32.369942196531795	48.908296943231456
0.06	100.0	32.55813953488372	49.12280701754386
0.07	100.0	32.55813953488372	49.12280701754386
0.08	100.0	32.55813953488372	49.12280701754386
0.09	100.0	32.55813953488372	49.12280701754386
0.1	100.0	32.55813953488372	49.12280701754386
0.11	100.0	32.55813953488372	49.12280701754386
0.12	100.0	32.55813953488372	49.12280701754386
0.13	100.0	32.748538011695906	49.33920704845815
0.14	100.0	32.748538011695906	49.33920704845815
0.15	100.0	32.748538011695906	49.33920704845815
0.16	100.0	32.748538011695906	49.33920704845815
0.17	100.0	32.94117647058823	49.557522123893804
0.18	100.0	32.94117647058823	49.557522123893804
0.19	100.0	33.13609467455621	49.77777777777778
0.2	100.0	33.333333333333336	50.0
0.21	100.0	33.333333333333336	50.0
0.22	100.0	33.93939393939394	50.67873303167421
0.23	100.0	33.93939393939394	50.67873303167421
0.24	100.0	34.355828220858896	51.14155251141553
0.25	100.0	34.355828220858896	51.14155251141553
0.26	98.21428571428571	34.375	50.92592592592592
0.27	98.21428571428571	34.59119496855346	51.16279069767442
0.28	96.42857142857143	34.61538461538461	50.943396226415096
0.29	96.42857142857143	34.61538461538461	50.943396226415096
0.3	96.42857142857143	34.61538461538461	50.943396226415096
0.31	96.42857142857143	34.61538461538461	50.943396226415096
0.32	96.42857142857143	34.83870967741935	51.18483412322275
0.33	96.42857142857143	35.294117647058826	51.674641148325364
0.34	96.42857142857143	35.294117647058826	51.674641148325364
0.35000000000000003	96.42857142857143	35.76158940397351	52.173913043478265
0.36	96.42857142857143	36.241610738255034	52.6829268292683
0.37	96.42857142857143	36.486486486486484	52.94117647058824
0.38	96.42857142857143	36.486486486486484	52.94117647058824
0.39	96.42857142857143	37.76223776223776	54.27135678391959
0.4	94.64285714285714	37.32394366197183	53.53535353535353
0.41000000000000003	94.64285714285714	37.32394366197183	53.53535353535353
0.42	94.64285714285714	38.405797101449274	54.63917525773196
0.43	94.64285714285714	39.55223880597015	55.78947368421052
0.44	94.64285714285714	39.849624060150376	56.08465608465609
0.45	94.64285714285714	39.849624060150376	56.08465608465609
0.46	94.64285714285714	40.15151515151515	56.38297872340425
0.47000000000000003	94.64285714285714	40.458015267175576	56.68449197860963
0.48	92.85714285714286	40.94488188976378	56.83060109289618
0.49	91.07142857142857	41.80327868852459	57.30337078651685
0.5	89.28571428571429	42.016806722689076	57.142857142857146
0.51	89.28571428571429	42.3728813559322	57.47126436781609
0.52	89.28571428571429	43.10344827586207	58.139534883720934
0.53	89.28571428571429	44.642857142857146	59.523809523809526
0.54	89.28571428571429	45.04504504504504	59.88023952095808
0.55	87.5	44.95412844036697	59.3939393939394
0.56	87.5	46.666666666666664	60.869565217391305
0.5700000000000001	87.5	47.57281553398058	61.635220125786155
0.58	85.71428571428571	48.0	61.538461538461526
0.59	83.92857142857143	48.958333333333336	61.8421052631579
0.6	80.35714285714286	48.91304347826087	60.81081081081081
0.61	80.35714285714286	48.91304347826087	60.81081081081081
0.62	80.35714285714286	50.561797752808985	62.068965517241374
0.63	76.78571428571429	49.42528735632184	60.13986013986014
0.64	76.78571428571429	49.42528735632184	60.13986013986014
0.65	76.78571428571429	51.80722891566265	61.870503597122294
0.66	75.0	51.851851851851855	61.313868613138695
0.67	67.85714285714286	50.0	57.57575757575758
0.68	66.07142857142857	50.0	56.92307692307692
0.6900000000000001	62.5	50.72463768115942	56.0
0.7000000000000001	62.5	52.23880597014925	56.91056910569105
0.71	62.5	55.55555555555556	58.8235294117647
0.72	62.5	56.45161290322581	59.32203389830509
0.73	62.5	59.32203389830509	60.86956521739131
0.74	62.5	60.3448275862069	61.40350877192983
0.75	62.5	62.5	62.5
0.76	62.5	63.63636363636363	63.06306306306306
0.77	60.714285714285715	68.0	64.15094339622641
0.78	58.92857142857143	68.75	63.46153846153846
0.79	57.142857142857146	68.08510638297872	62.135922330097095
0.8	55.357142857142854	68.88888888888889	61.38613861386138
0.81	48.214285714285715	71.05263157894737	57.44680851063829
0.8200000000000001	46.42857142857143	74.28571428571429	57.142857142857146
0.8300000000000001	46.42857142857143	76.47058823529412	57.77777777777778
0.84	44.642857142857146	75.75757575757575	56.17977528089888
0.85	41.07142857142857	76.66666666666667	53.48837209302326
0.86	41.07142857142857	82.14285714285714	54.76190476190476
0.87	41.07142857142857	82.14285714285714	54.76190476190476
0.88	41.07142857142857	85.18518518518519	55.42168674698795
0.89	41.07142857142857	85.18518518518519	55.42168674698795
0.9	41.07142857142857	85.18518518518519	55.42168674698795
0.91	41.07142857142857	85.18518518518519	55.42168674698795
0.92	37.5	84.0	51.851851851851855
0.93	33.92857142857143	82.6086956521739	48.10126582278481
0.9400000000000001	32.142857142857146	81.81818181818181	46.15384615384616
0.9500000000000001	28.571428571428573	80.0	42.10526315789474
0.96	26.785714285714285	83.33333333333333	40.54054054054053
0.97	26.785714285714285	83.33333333333333	40.54054054054053
0.98	23.214285714285715	81.25	36.111111111111114
0.99	21.428571428571427	80.0	33.80281690140845
1.0	19.642857142857142	78.57142857142857	31.428571428571427
