0.0	32.369942196531795	100.0	48.908296943231456
0.01	32.55813953488372	100.0	49.12280701754386
0.02	32.748538011695906	100.0	49.33920704845815
0.03	32.748538011695906	100.0	49.33920704845815
0.04	32.748538011695906	100.0	49.33920704845815
0.05	32.748538011695906	100.0	49.33920704845815
0.06	32.748538011695906	100.0	49.33920704845815
0.07	32.748538011695906	100.0	49.33920704845815
0.08	32.748538011695906	100.0	49.33920704845815
0.09	32.748538011695906	100.0	49.33920704845815
0.1	32.748538011695906	100.0	49.33920704845815
0.11	32.748538011695906	100.0	49.33920704845815
0.12	32.748538011695906	100.0	49.33920704845815
0.13	32.748538011695906	100.0	49.33920704845815
0.14	32.748538011695906	100.0	49.33920704845815
0.15	32.748538011695906	100.0	49.33920704845815
0.16	32.94117647058823	100.0	49.557522123893804
0.17	32.544378698224854	98.21428571428571	48.888888888888886
0.18	32.544378698224854	98.21428571428571	48.888888888888886
0.19	32.544378698224854	98.21428571428571	48.888888888888886
0.2	32.73809523809524	98.21428571428571	49.107142857142854
0.21	32.73809523809524	98.21428571428571	49.107142857142854
0.22	32.73809523809524	98.21428571428571	49.107142857142854
0.23	32.73809523809524	98.21428571428571	49.107142857142854
0.24	33.333333333333336	98.21428571428571	49.773755656108605
0.25	33.95061728395062	98.21428571428571	50.45871559633028
0.26	34.375	98.21428571428571	50.92592592592592
0.27	34.81012658227848	98.21428571428571	51.401869158878505
0.28	35.031847133757964	98.21428571428571	51.64319248826292
0.29	34.61538461538461	96.42857142857143	50.943396226415096
0.3	35.064935064935064	96.42857142857143	51.42857142857143
0.31	35.294117647058826	96.42857142857143	51.674641148325364
0.32	36.0	96.42857142857143	52.42718446601941
0.33	36.241610738255034	96.42857142857143	52.6829268292683
0.34	36.486486486486484	96.42857142857143	52.94117647058824
0.35000000000000003	36.734693877551024	96.42857142857143	53.20197044334975
0.36	36.734693877551024	96.42857142857143	53.20197044334975
0.37	37.76223776223776	96.42857142857143	54.27135678391959
0.38	38.297872340425535	96.42857142857143	54.82233502538071
0.39	39.130434782608695	96.42857142857143	55.670103092783506
0.4	39.705882352941174	96.42857142857143	56.25
0.41000000000000003	40.90909090909091	96.42857142857143	57.446808510638306
0.42	41.86046511627907	96.42857142857143	58.378378378378386
0.43	42.06349206349206	94.64285714285714	58.24175824175824
0.44	41.46341463414634	91.07142857142857	56.98324022346369
0.45	42.3728813559322	89.28571428571429	57.47126436781609
0.46	42.98245614035088	87.5	57.64705882352941
0.47000000000000003	43.36283185840708	87.5	57.988165680473365
0.48	42.72727272727273	83.92857142857143	56.626506024096386
0.49	43.51851851851852	83.92857142857143	57.31707317073171
0.5	43.51851851851852	83.92857142857143	57.31707317073171
0.51	44.339622641509436	83.92857142857143	58.02469135802469
0.52	45.54455445544554	82.14285714285714	58.59872611464968
0.53	46.31578947368421	78.57142857142857	58.27814569536424
0.54	46.808510638297875	78.57142857142857	58.66666666666667
0.55	47.31182795698925	78.57142857142857	59.06040268456376
0.56	48.31460674157304	76.78571428571429	59.31034482758621
0.5700000000000001	50.588235294117645	76.78571428571429	60.99290780141844
0.58	48.75	69.64285714285714	57.35294117647059
0.59	48.10126582278481	67.85714285714286	56.296296296296305
0.6	50.0	67.85714285714286	57.57575757575758
0.61	51.351351351351354	67.85714285714286	58.46153846153847
0.62	52.11267605633803	66.07142857142857	58.26771653543307
0.63	53.6231884057971	66.07142857142857	59.199999999999996
0.64	54.411764705882355	66.07142857142857	59.677419354838705
0.65	56.06060606060606	66.07142857142857	60.65573770491803
0.66	57.8125	66.07142857142857	61.666666666666664
0.67	57.142857142857146	64.28571428571429	60.50420168067227
0.68	60.0	64.28571428571429	62.06896551724138
0.6900000000000001	63.1578947368421	64.28571428571429	63.71681415929204
0.7000000000000001	63.1578947368421	64.28571428571429	63.71681415929204
0.71	64.28571428571429	64.28571428571429	64.28571428571429
0.72	63.63636363636363	62.5	63.06306306306306
0.73	62.264150943396224	58.92857142857143	60.55045871559633
0.74	61.53846153846154	57.142857142857146	59.25925925925926
0.75	60.0	53.57142857142857	56.60377358490566
0.76	59.183673469387756	51.785714285714285	55.238095238095234
0.77	59.183673469387756	51.785714285714285	55.238095238095234
0.78	59.57446808510638	50.0	54.36893203883495
0.79	60.869565217391305	50.0	54.901960784313715
0.8	60.869565217391305	50.0	54.901960784313715
0.81	63.63636363636363	50.0	56.0
0.8200000000000001	63.63636363636363	50.0	56.0
0.8300000000000001	64.28571428571429	48.214285714285715	55.102040816326536
0.84	63.41463414634146	46.42857142857143	53.60824742268041
0.85	65.78947368421052	44.642857142857146	53.19148936170213
0.86	65.78947368421052	44.642857142857146	53.19148936170213
0.87	67.56756756756756	44.642857142857146	53.76344086021505
0.88	68.57142857142857	42.857142857142854	52.74725274725275
0.89	72.72727272727273	42.857142857142854	53.932584269662925
0.9	73.33333333333333	39.285714285714285	51.16279069767442
0.91	73.07692307692308	33.92857142857143	46.34146341463415
0.92	72.0	32.142857142857146	44.44444444444446
0.93	75.0	32.142857142857146	45.0
0.9400000000000001	75.0	32.142857142857146	45.0
0.9500000000000001	76.19047619047619	28.571428571428573	41.558441558441565
0.96	77.77777777777777	25.0	37.83783783783784
0.97	77.77777777777777	25.0	37.83783783783784
0.98	82.3529411764706	25.0	38.35616438356165
0.99	81.25	23.214285714285715	36.111111111111114
1.0	80.0	21.428571428571427	33.80281690140845
