0	0	49
0	0	49
0	0	49
0	0	49
0	0	49
0	0	49
0	0	49
0	0	49
0	0	49
0	0	49
0	0	49
0	0	49
0	0	49
0	0	49
0	0	49
0	0	49
0	0	49
0	0	49
0	0	49
0	0	49
0	0	49
0	0	49
0	0	49
0	0	49
0	0	49
0	0	49
1	0	48
1	0	48
2	0	47
2	0	47
2	0	47
2	0	47
2	0	47
2	0	47
2	0	47
2	0	47
2	0	47
2	0	47
2	0	47
2	0	47
3	0	46
3	0	46
3	0	46
3	0	46
3	0	46
3	0	46
3	0	46
3	0	46
3	0	46
4	0	45
4	0	45
4	0	45
4	0	45
4	0	45
4	0	45
5	0	44
5	0	44
5	0	44
6	0	43
7	0	42
9	0	40
9	0	40
9	0	40
11	0	38
11	0	38
11	0	38
12	0	37
15	0	34
16	0	33
18	0	31
18	0	31
18	0	31
18	0	31
18	0	31
18	0	31
18	0	31
18	0	31
19	0	30
20	0	29
21	0	28
22	0	27
26	0	23
26	0	23
26	0	23
27	0	22
28	0	21
28	0	21
28	0	21
28	0	21
28	0	21
28	0	21
28	0	21
29	0	20
31	0	18
32	0	17
34	0	15
35	0	14
35	0	14
37	0	12
37	0	12
38	0	11
