0	0	49
0	0	49
0	0	49
0	0	49
0	0	49
0	0	49
0	0	49
0	0	49
0	0	49
0	0	49
0	0	49
0	0	49
0	0	49
0	0	49
0	0	49
0	0	49
0	0	49
0	0	49
0	0	49
1	0	48
1	0	48
1	0	48
1	0	48
1	0	48
1	0	48
2	0	47
2	0	47
3	0	46
3	0	46
3	0	46
3	0	46
5	0	44
6	0	43
6	0	43
7	0	42
7	0	42
10	0	39
10	0	39
10	0	39
10	0	39
11	0	38
11	0	38
12	0	37
13	0	36
14	0	35
14	0	35
15	0	34
15	0	34
15	0	34
15	0	34
16	0	33
17	0	32
17	0	32
17	0	32
17	0	32
17	0	32
17	0	32
18	0	31
18	0	31
18	0	31
19	0	30
21	0	28
22	0	27
24	0	25
24	0	25
25	0	24
26	0	23
27	0	22
27	0	22
29	0	20
29	0	20
29	0	20
30	0	19
30	0	19
31	0	18
33	0	16
34	0	15
34	0	15
34	0	15
34	0	15
34	0	15
34	0	15
36	0	13
37	0	12
37	0	12
39	0	10
39	0	10
40	0	9
40	0	9
40	0	9
41	0	8
43	0	6
43	0	6
43	0	6
44	0	5
44	0	5
44	0	5
44	0	5
44	0	5
44	0	5
44	0	5
