0	0	49
0	0	49
0	0	49
0	0	49
0	0	49
0	0	49
0	0	49
0	0	49
0	0	49
0	0	49
0	0	49
0	0	49
0	0	49
0	0	49
0	0	49
0	0	49
0	0	49
0	0	49
0	0	49
0	0	49
0	0	49
0	0	49
0	0	49
0	0	49
0	0	49
0	0	49
0	0	49
0	0	49
0	0	49
1	0	48
1	0	48
1	0	48
1	0	48
1	0	48
1	0	48
1	0	48
1	0	48
1	0	48
1	0	48
1	0	48
1	0	48
1	0	48
1	0	48
2	0	47
4	0	45
5	0	44
6	0	43
6	0	43
6	0	43
6	0	43
6	0	43
6	0	43
6	0	43
8	0	41
8	0	41
8	0	41
9	0	40
9	0	40
13	0	36
14	0	35
14	0	35
14	0	35
15	0	34
15	0	34
15	0	34
15	0	34
15	0	34
16	0	33
16	0	33
16	0	33
16	0	33
16	0	33
17	0	32
19	0	30
20	0	29
22	0	27
23	0	26
23	0	26
24	0	25
24	0	25
24	0	25
24	0	25
24	0	25
25	0	24
25	0	24
26	0	23
26	0	23
26	0	23
27	0	22
27	0	22
29	0	20
32	0	17
33	0	16
33	0	16
33	0	16
34	0	15
36	0	13
36	0	13
36	0	13
37	0	12
38	0	11
