0.0	100.0	54.36893203883495	70.44025157232704
0.01	100.0	54.36893203883495	70.44025157232704
0.02	100.0	54.36893203883495	70.44025157232704
0.03	100.0	54.36893203883495	70.44025157232704
0.04	98.21428571428571	53.92156862745098	69.62025316455697
0.05	98.21428571428571	53.92156862745098	69.62025316455697
0.06	98.21428571428571	53.92156862745098	69.62025316455697
0.07	98.21428571428571	53.92156862745098	69.62025316455697
0.08	96.42857142857143	53.46534653465346	68.78980891719743
0.09	96.42857142857143	53.46534653465346	68.78980891719743
0.1	96.42857142857143	53.46534653465346	68.78980891719743
0.11	96.42857142857143	53.46534653465346	68.78980891719743
0.12	96.42857142857143	53.46534653465346	68.78980891719743
0.13	96.42857142857143	53.46534653465346	68.78980891719743
0.14	96.42857142857143	53.46534653465346	68.78980891719743
0.15	96.42857142857143	53.46534653465346	68.78980891719743
0.16	94.64285714285714	53.0	67.94871794871794
0.17	94.64285714285714	53.0	67.94871794871794
0.18	94.64285714285714	53.0	67.94871794871794
0.19	94.64285714285714	53.0	67.94871794871794
0.2	91.07142857142857	52.04081632653061	66.23376623376622
0.21	91.07142857142857	52.04081632653061	66.23376623376622
0.22	89.28571428571429	51.54639175257732	65.35947712418302
0.23	89.28571428571429	51.54639175257732	65.35947712418302
0.24	87.5	51.041666666666664	64.47368421052632
0.25	87.5	51.041666666666664	64.47368421052632
0.26	87.5	51.041666666666664	64.47368421052632
0.27	87.5	51.041666666666664	64.47368421052632
0.28	87.5	51.041666666666664	64.47368421052632
0.29	87.5	51.041666666666664	64.47368421052632
0.3	87.5	51.041666666666664	64.47368421052632
0.31	87.5	51.041666666666664	64.47368421052632
0.32	87.5	51.041666666666664	64.47368421052632
0.33	87.5	51.041666666666664	64.47368421052632
0.34	85.71428571428571	50.526315789473685	63.57615894039735
0.35000000000000003	85.71428571428571	50.526315789473685	63.57615894039735
0.36	85.71428571428571	50.526315789473685	63.57615894039735
0.37	85.71428571428571	50.526315789473685	63.57615894039735
0.38	83.92857142857143	50.0	62.666666666666664
0.39	83.92857142857143	50.0	62.666666666666664
0.4	83.92857142857143	50.0	62.666666666666664
0.41000000000000003	83.92857142857143	50.0	62.666666666666664
0.42	82.14285714285714	49.46236559139785	61.744966442953015
0.43	80.35714285714286	48.91304347826087	60.81081081081081
0.44	80.35714285714286	48.91304347826087	60.81081081081081
0.45	78.57142857142857	48.35164835164835	59.863945578231295
0.46	78.57142857142857	48.35164835164835	59.863945578231295
0.47000000000000003	73.21428571428571	46.59090909090909	56.94444444444444
0.48	71.42857142857143	45.97701149425287	55.94405594405594
0.49	69.64285714285714	45.348837209302324	54.92957746478873
0.5	67.85714285714286	44.705882352941174	53.90070921985816
0.51	67.85714285714286	44.705882352941174	53.90070921985816
0.52	67.85714285714286	44.705882352941174	53.90070921985816
0.53	67.85714285714286	44.705882352941174	53.90070921985816
0.54	64.28571428571429	43.373493975903614	51.798561151079134
0.55	64.28571428571429	43.373493975903614	51.798561151079134
0.56	60.714285714285715	41.97530864197531	49.63503649635037
0.5700000000000001	60.714285714285715	41.97530864197531	49.63503649635037
0.58	58.92857142857143	41.25	48.529411764705884
0.59	53.57142857142857	38.96103896103896	45.11278195488721
0.6	51.785714285714285	38.1578947368421	43.93939393939394
0.61	51.785714285714285	38.1578947368421	43.93939393939394
0.62	50.0	37.333333333333336	42.74809160305343
0.63	48.214285714285715	36.486486486486484	41.53846153846153
0.64	48.214285714285715	36.486486486486484	41.53846153846153
0.65	48.214285714285715	36.486486486486484	41.53846153846153
0.66	44.642857142857146	34.72222222222222	39.0625
0.67	44.642857142857146	34.72222222222222	39.0625
0.68	44.642857142857146	34.72222222222222	39.0625
0.6900000000000001	44.642857142857146	34.72222222222222	39.0625
0.7000000000000001	44.642857142857146	34.72222222222222	39.0625
0.71	44.642857142857146	34.72222222222222	39.0625
0.72	44.642857142857146	34.72222222222222	39.0625
0.73	42.857142857142854	33.80281690140845	37.79527559055118
0.74	42.857142857142854	33.80281690140845	37.79527559055118
0.75	42.857142857142854	33.80281690140845	37.79527559055118
0.76	41.07142857142857	32.857142857142854	36.50793650793651
0.77	41.07142857142857	32.857142857142854	36.50793650793651
0.78	41.07142857142857	32.857142857142854	36.50793650793651
0.79	35.714285714285715	29.850746268656717	32.520325203252035
0.8	32.142857142857146	27.692307692307693	29.75206611570248
0.81	28.571428571428573	25.396825396825395	26.89075630252101
0.8200000000000001	28.571428571428573	25.396825396825395	26.89075630252101
0.8300000000000001	25.0	22.950819672131146	23.931623931623932
0.84	25.0	22.950819672131146	23.931623931623932
0.85	21.428571428571427	20.338983050847457	20.8695652173913
0.86	19.642857142857142	18.96551724137931	19.298245614035086
0.87	19.642857142857142	18.96551724137931	19.298245614035086
0.88	19.642857142857142	18.96551724137931	19.298245614035086
0.89	19.642857142857142	18.96551724137931	19.298245614035086
0.9	19.642857142857142	18.96551724137931	19.298245614035086
0.91	17.857142857142858	17.54385964912281	17.699115044247787
0.92	17.857142857142858	17.54385964912281	17.699115044247787
0.93	16.071428571428573	16.071428571428573	16.071428571428573
0.9400000000000001	16.071428571428573	16.071428571428573	16.071428571428573
0.9500000000000001	16.071428571428573	16.071428571428573	16.071428571428573
0.96	16.071428571428573	16.071428571428573	16.071428571428573
0.97	16.071428571428573	16.071428571428573	16.071428571428573
0.98	16.071428571428573	16.071428571428573	16.071428571428573
0.99	16.071428571428573	16.071428571428573	16.071428571428573
1.0	14.285714285714286	14.545454545454545	14.414414414414415
