0.0 100.0 32.369942196531795 48.908296943231456
0.01 100.0 32.369942196531795 48.908296943231456
0.02 100.0 32.369942196531795 48.908296943231456
0.03 100.0 32.369942196531795 48.908296943231456
0.04 98.21428571428571 31.976744186046513 48.245614035087726
0.05 98.21428571428571 31.976744186046513 48.245614035087726
0.06 98.21428571428571 31.976744186046513 48.245614035087726
0.07 98.21428571428571 31.976744186046513 48.245614035087726
0.08 98.21428571428571 31.976744186046513 48.245614035087726
0.09 98.21428571428571 31.976744186046513 48.245614035087726
0.1 98.21428571428571 31.976744186046513 48.245614035087726
0.11 98.21428571428571 31.976744186046513 48.245614035087726
0.12 98.21428571428571 32.35294117647059 48.67256637168141
0.13 98.21428571428571 32.73809523809524 49.107142857142854
0.14 98.21428571428571 32.93413173652694 49.327354260089685
0.15 98.21428571428571 33.13253012048193 49.549549549549546
0.16 98.21428571428571 33.13253012048193 49.549549549549546
0.17 98.21428571428571 33.13253012048193 49.549549549549546
0.18 98.21428571428571 33.333333333333336 49.773755656108605
0.19 98.21428571428571 33.333333333333336 49.773755656108605
0.2 98.21428571428571 33.74233128834356 50.22831050228311
0.21 98.21428571428571 33.74233128834356 50.22831050228311
0.22 98.21428571428571 33.74233128834356 50.22831050228311
0.23 98.21428571428571 33.74233128834356 50.22831050228311
0.24 98.21428571428571 33.95061728395062 50.45871559633028
0.25 96.42857142857143 33.54037267080745 49.76958525345621
0.26 96.42857142857143 33.54037267080745 49.76958525345621
0.27 96.42857142857143 33.54037267080745 49.76958525345621
0.28 96.42857142857143 33.75 49.99999999999999
0.29 96.42857142857143 33.9622641509434 50.23255813953489
0.3 96.42857142857143 33.9622641509434 50.23255813953489
0.31 96.42857142857143 34.177215189873415 50.46728971962616
0.32 94.64285714285714 34.41558441558441 50.47619047619047
0.33 94.64285714285714 34.86842105263158 50.96153846153846
0.34 92.85714285714286 34.437086092715234 50.24154589371981
0.35000000000000003 92.85714285714286 34.666666666666664 50.48543689320388
0.36 91.07142857142857 34.45945945945946 50.0
0.37 87.5 33.793103448275865 48.756218905472636
0.38 87.5 33.793103448275865 48.756218905472636
0.39 87.5 34.26573426573427 49.246231155778894
0.4 85.71428571428571 34.04255319148936 48.73096446700507
0.41000000000000003 85.71428571428571 34.285714285714285 48.97959183673469
0.42 85.71428571428571 34.53237410071942 49.230769230769226
0.43 85.71428571428571 35.03649635036496 49.740932642487046
0.44 85.71428571428571 35.55555555555556 50.261780104712045
0.45 85.71428571428571 36.36363636363637 51.06382978723405
0.46 83.92857142857143 36.71875 51.08695652173913
0.47000000000000003 83.92857142857143 37.00787401574803 51.36612021857923
0.48 83.92857142857143 37.6 51.93370165745856
0.49 83.92857142857143 38.52459016393443 52.80898876404494
0.5 83.92857142857143 39.49579831932773 53.71428571428572
0.51 83.92857142857143 39.49579831932773 53.71428571428572
0.52 83.92857142857143 40.51724137931034 54.651162790697676
0.53 83.92857142857143 41.228070175438596 55.294117647058826
0.54 83.92857142857143 41.964285714285715 55.952380952380956
0.55 83.92857142857143 42.72727272727273 56.626506024096386
0.56 78.57142857142857 41.509433962264154 54.32098765432099
0.5700000000000001 75.0 41.1764705882353 53.164556962025316
0.58 69.64285714285714 39.39393939393939 50.32258064516128
0.59 67.85714285714286 40.0 50.331125827814574
0.6 67.85714285714286 41.30434782608695 51.35135135135135
0.61 67.85714285714286 42.22222222222222 52.054794520547944
0.62 66.07142857142857 41.57303370786517 51.03448275862068
0.63 66.07142857142857 42.52873563218391 51.74825174825175
0.64 66.07142857142857 44.57831325301205 53.23741007194245
0.65 64.28571428571429 45.56962025316456 53.333333333333336
0.66 62.5 45.45454545454545 52.631578947368425
0.67 60.714285714285715 46.57534246575342 52.713178294573645
0.68 60.714285714285715 48.57142857142857 53.96825396825397
0.6900000000000001 57.142857142857146 47.05882352941177 51.61290322580646
0.7000000000000001 53.57142857142857 45.45454545454545 49.18032786885246
0.71 53.57142857142857 46.875 50.0
0.72 51.785714285714285 46.774193548387096 49.152542372881356
0.73 51.785714285714285 48.333333333333336 50.0
0.74 51.785714285714285 50.0 50.877192982456144
0.75 50.0 50.0 50.0
0.76 50.0 53.84615384615385 51.851851851851855
0.77 50.0 56.0 52.83018867924528
0.78 50.0 58.333333333333336 53.84615384615385
0.79 50.0 59.57446808510638 54.36893203883495
0.8 46.42857142857143 59.09090909090909 52.00000000000001
0.81 42.857142857142854 58.53658536585366 49.48453608247423
0.8200000000000001 42.857142857142854 60.0 49.99999999999999
0.8300000000000001 37.5 60.0 46.15384615384615
0.84 37.5 60.0 46.15384615384615
0.85 37.5 61.76470588235294 46.666666666666664
0.86 37.5 63.63636363636363 47.19101123595505
0.87 35.714285714285715 62.5 45.45454545454545
0.88 32.142857142857146 60.0 41.86046511627907
0.89 30.357142857142858 62.96296296296296 40.963855421686745
0.9 28.571428571428573 64.0 39.50617283950618
0.91 26.785714285714285 65.21739130434783 37.974683544303794
0.92 26.785714285714285 71.42857142857143 38.96103896103896
0.93 26.785714285714285 71.42857142857143 38.96103896103896
0.9400000000000001 26.785714285714285 71.42857142857143 38.96103896103896
0.9500000000000001 25.0 70.0 36.8421052631579
0.96 23.214285714285715 68.42105263157895 34.66666666666667
0.97 23.214285714285715 72.22222222222223 35.13513513513514
0.98 21.428571428571427 70.58823529411765 32.87671232876712
0.99 21.428571428571427 70.58823529411765 32.87671232876712
1.0 21.428571428571427 70.58823529411765 32.87671232876712
