0.0	100.0	32.369942196531795	48.908296943231456
0.01	100.0	32.748538011695906	49.33920704845815
0.02	100.0	32.748538011695906	49.33920704845815
0.03	100.0	32.748538011695906	49.33920704845815
0.04	100.0	32.748538011695906	49.33920704845815
0.05	100.0	32.94117647058823	49.557522123893804
0.06	100.0	32.94117647058823	49.557522123893804
0.07	100.0	32.94117647058823	49.557522123893804
0.08	100.0	33.13609467455621	49.77777777777778
0.09	100.0	33.333333333333336	50.0
0.1	100.0	33.333333333333336	50.0
0.11	100.0	33.333333333333336	50.0
0.12	100.0	33.734939759036145	50.450450450450454
0.13	100.0	33.734939759036145	50.450450450450454
0.14	100.0	34.146341463414636	50.909090909090914
0.15	100.0	34.355828220858896	51.14155251141553
0.16	100.0	34.355828220858896	51.14155251141553
0.17	100.0	34.5679012345679	51.37614678899082
0.18	100.0	35.0	51.851851851851855
0.19	98.21428571428571	35.031847133757964	51.64319248826292
0.2	98.21428571428571	35.483870967741936	52.132701421800945
0.21	98.21428571428571	35.483870967741936	52.132701421800945
0.22	98.21428571428571	35.947712418300654	52.631578947368425
0.23	98.21428571428571	35.947712418300654	52.631578947368425
0.24	98.21428571428571	35.947712418300654	52.631578947368425
0.25	96.42857142857143	35.76158940397351	52.173913043478265
0.26	94.64285714285714	35.333333333333336	51.456310679611654
0.27	92.85714285714286	35.374149659863946	51.23152709359606
0.28	92.85714285714286	35.61643835616438	51.48514851485149
0.29	92.85714285714286	35.86206896551724	51.741293532338304
0.3	92.85714285714286	36.111111111111114	52.00000000000001
0.31	89.28571428571429	35.46099290780142	50.76142131979696
0.32	87.5	35.0	50.0
0.33	87.5	37.121212121212125	52.12765957446809
0.34	83.92857142857143	37.301587301587304	51.64835164835165
0.35000000000000003	83.92857142857143	37.6	51.93370165745856
0.36	78.57142857142857	36.97478991596638	50.285714285714285
0.37	78.57142857142857	38.26086956521739	51.461988304093566
0.38	78.57142857142857	38.93805309734513	52.07100591715976
0.39	78.57142857142857	39.63963963963964	52.69461077844311
0.4	76.78571428571429	39.44954128440367	52.12121212121212
0.41000000000000003	75.0	41.584158415841586	53.5031847133758
0.42	73.21428571428571	41.0	52.56410256410257
0.43	71.42857142857143	41.23711340206186	52.287581699346404
0.44	69.64285714285714	41.48936170212766	52.0
0.45	69.64285714285714	41.48936170212766	52.0
0.46	66.07142857142857	41.111111111111114	50.68493150684932
0.47000000000000003	66.07142857142857	42.52873563218391	51.74825174825175
0.48	66.07142857142857	43.02325581395349	52.112676056338024
0.49	66.07142857142857	43.529411764705884	52.4822695035461
0.5	64.28571428571429	44.44444444444444	52.55474452554745
0.51	62.5	44.30379746835443	51.851851851851855
0.52	62.5	44.30379746835443	51.851851851851855
0.53	62.5	44.87179487179487	52.23880597014925
0.54	62.5	45.45454545454545	52.631578947368425
0.55	62.5	46.05263157894737	53.030303030303024
0.56	62.5	46.05263157894737	53.030303030303024
0.5700000000000001	60.714285714285715	45.333333333333336	51.90839694656489
0.58	60.714285714285715	46.57534246575342	52.713178294573645
0.59	60.714285714285715	49.27536231884058	54.4
0.6	58.92857142857143	50.0	54.09836065573771
0.61	55.357142857142854	50.81967213114754	52.99145299145298
0.62	53.57142857142857	51.724137931034484	52.63157894736842
0.63	50.0	50.90909090909091	50.450450450450454
0.64	50.0	56.0	52.83018867924528
0.65	48.214285714285715	57.4468085106383	52.42718446601942
0.66	46.42857142857143	56.52173913043478	50.98039215686274
0.67	42.857142857142854	57.142857142857146	48.97959183673469
0.68	42.857142857142854	60.0	49.99999999999999
0.6900000000000001	39.285714285714285	59.45945945945946	47.31182795698925
0.7000000000000001	39.285714285714285	61.111111111111114	47.82608695652175
0.71	39.285714285714285	62.857142857142854	48.35164835164835
0.72	37.5	61.76470588235294	46.666666666666664
0.73	37.5	61.76470588235294	46.666666666666664
0.74	33.92857142857143	59.375	43.18181818181818
0.75	30.357142857142858	58.62068965517241	40.0
0.76	28.571428571428573	57.142857142857146	38.095238095238095
0.77	28.571428571428573	57.142857142857146	38.095238095238095
0.78	28.571428571428573	57.142857142857146	38.095238095238095
0.79	28.571428571428573	59.25925925925926	38.554216867469876
0.8	28.571428571428573	61.53846153846154	39.02439024390244
0.81	28.571428571428573	64.0	39.50617283950618
0.8200000000000001	25.0	63.63636363636363	35.8974358974359
0.8300000000000001	23.214285714285715	61.904761904761905	33.76623376623377
0.84	23.214285714285715	61.904761904761905	33.76623376623377
0.85	19.642857142857142	57.89473684210526	29.333333333333336
0.86	19.642857142857142	57.89473684210526	29.333333333333336
0.87	17.857142857142858	55.55555555555556	27.027027027027028
0.88	17.857142857142858	58.8235294117647	27.397260273972602
0.89	17.857142857142858	62.5	27.77777777777778
0.9	16.071428571428573	64.28571428571429	25.71428571428572
0.91	12.5	58.333333333333336	20.588235294117645
0.92	12.5	58.333333333333336	20.588235294117645
0.93	12.5	58.333333333333336	20.588235294117645
0.9400000000000001	10.714285714285714	54.54545454545455	17.91044776119403
0.9500000000000001	10.714285714285714	54.54545454545455	17.91044776119403
0.96	10.714285714285714	60.0	18.18181818181818
0.97	10.714285714285714	60.0	18.18181818181818
0.98	10.714285714285714	60.0	18.18181818181818
0.99	10.714285714285714	60.0	18.18181818181818
1.0	10.714285714285714	60.0	18.18181818181818
