0.0 100.0 32.369942196531795 48.908296943231456
0.01 100.0 32.748538011695906 49.33920704845815
0.02 100.0 32.748538011695906 49.33920704845815
0.03 100.0 32.94117647058823 49.557522123893804
0.04 100.0 32.94117647058823 49.557522123893804
0.05 100.0 33.13609467455621 49.77777777777778
0.06 100.0 33.532934131736525 50.224215246636774
0.07 98.21428571428571 33.13253012048193 49.549549549549546
0.08 98.21428571428571 33.13253012048193 49.549549549549546
0.09 98.21428571428571 33.13253012048193 49.549549549549546
0.1 98.21428571428571 33.333333333333336 49.773755656108605
0.11 98.21428571428571 33.333333333333336 49.773755656108605
0.12 96.42857142857143 33.12883435582822 49.31506849315069
0.13 96.42857142857143 33.12883435582822 49.31506849315069
0.14 96.42857142857143 33.12883435582822 49.31506849315069
0.15 96.42857142857143 33.333333333333336 49.541284403669735
0.16 96.42857142857143 33.54037267080745 49.76958525345621
0.17 96.42857142857143 33.9622641509434 50.23255813953489
0.18 96.42857142857143 33.9622641509434 50.23255813953489
0.19 96.42857142857143 34.394904458598724 50.704225352112665
0.2 96.42857142857143 34.61538461538461 50.943396226415096
0.21 94.64285714285714 34.41558441558441 50.47619047619047
0.22 92.85714285714286 33.98692810457516 49.760765550239235
0.23 92.85714285714286 34.666666666666664 50.48543689320388
0.24 92.85714285714286 35.13513513513514 50.98039215686275
0.25 92.85714285714286 35.13513513513514 50.98039215686275
0.26 92.85714285714286 35.13513513513514 50.98039215686275
0.27 91.07142857142857 34.93150684931507 50.4950495049505
0.28 89.28571428571429 34.72222222222222 50.00000000000001
0.29 87.5 34.50704225352113 49.4949494949495
0.3 85.71428571428571 34.78260869565217 49.48453608247422
0.31 85.71428571428571 35.55555555555556 50.261780104712045
0.32 83.92857142857143 35.07462686567164 49.473684210526315
0.33 83.92857142857143 35.338345864661655 49.735449735449734
0.34 83.92857142857143 36.15384615384615 50.53763440860215
0.35000000000000003 83.92857142857143 37.301587301587304 51.64835164835165
0.36 83.92857142857143 38.21138211382114 52.513966480446925
0.37 80.35714285714286 37.5 51.13636363636364
0.38 78.57142857142857 37.28813559322034 50.57471264367816
0.39 78.57142857142857 37.93103448275862 51.16279069767442
0.4 76.78571428571429 38.392857142857146 51.19047619047619
0.41000000000000003 75.0 37.83783783783784 50.299401197604794
0.42 75.0 37.83783783783784 50.299401197604794
0.43 69.64285714285714 36.44859813084112 47.852760736196316
0.44 69.64285714285714 36.79245283018868 48.14814814814815
0.45 67.85714285714286 36.89320388349515 47.79874213836478
0.46 66.07142857142857 36.633663366336634 47.13375796178344
0.47000000000000003 64.28571428571429 36.734693877551024 46.753246753246756
0.48 64.28571428571429 37.5 47.368421052631575
0.49 64.28571428571429 37.89473684210526 47.682119205298015
0.5 55.357142857142854 34.831460674157306 42.758620689655174
0.51 55.357142857142854 36.04651162790697 43.66197183098591
0.52 53.57142857142857 35.714285714285715 42.85714285714286
0.53 50.0 35.44303797468354 41.48148148148149
0.54 50.0 36.36363636363637 42.10526315789473
0.55 48.214285714285715 36.0 41.221374045801525
0.56 46.42857142857143 35.13513513513514 40.0
0.5700000000000001 46.42857142857143 35.61643835616438 40.31007751937984
0.58 46.42857142857143 36.61971830985915 40.94488188976378
0.59 44.642857142857146 37.3134328358209 40.650406504065046
0.6 44.642857142857146 39.682539682539684 42.016806722689076
0.61 44.642857142857146 40.32258064516129 42.3728813559322
0.62 41.07142857142857 38.333333333333336 39.65517241379311
0.63 39.285714285714285 38.59649122807018 38.93805309734513
0.64 39.285714285714285 39.285714285714285 39.285714285714285
0.65 39.285714285714285 41.509433962264154 40.36697247706422
0.66 37.5 41.1764705882353 39.25233644859813
0.67 37.5 42.0 39.62264150943396
0.68 35.714285714285715 40.816326530612244 38.0952380952381
0.6900000000000001 33.92857142857143 40.42553191489362 36.89320388349515
0.7000000000000001 32.142857142857146 40.0 35.64356435643565
0.71 32.142857142857146 40.90909090909091 36.0
0.72 30.357142857142858 41.46341463414634 35.05154639175258
0.73 30.357142857142858 41.46341463414634 35.05154639175258
0.74 26.785714285714285 40.54054054054054 32.25806451612903
0.75 25.0 41.1764705882353 31.111111111111107
0.76 23.214285714285715 43.333333333333336 30.232558139534888
0.77 21.428571428571427 41.37931034482759 28.235294117647054
0.78 21.428571428571427 41.37931034482759 28.235294117647054
0.79 21.428571428571427 44.44444444444444 28.915662650602407
0.8 21.428571428571427 48.0 29.629629629629626
0.81 21.428571428571427 52.17391304347826 30.37974683544304
0.8200000000000001 21.428571428571427 54.54545454545455 30.769230769230766
0.8300000000000001 19.642857142857142 52.38095238095238 28.571428571428573
0.84 17.857142857142858 50.0 26.31578947368421
0.85 17.857142857142858 52.63157894736842 26.666666666666668
0.86 16.071428571428573 50.0 24.324324324324326
0.87 14.285714285714286 50.0 22.22222222222222
0.88 12.5 46.666666666666664 19.718309859154928
0.89 12.5 46.666666666666664 19.718309859154928
0.9 12.5 46.666666666666664 19.718309859154928
0.91 10.714285714285714 50.0 17.64705882352941
0.92 8.928571428571429 45.45454545454545 14.925373134328359
0.93 8.928571428571429 45.45454545454545 14.925373134328359
0.9400000000000001 8.928571428571429 50.0 15.151515151515152
0.9500000000000001 8.928571428571429 62.5 15.625000000000002
0.96 7.142857142857143 80.0 13.114754098360656
0.97 7.142857142857143 80.0 13.114754098360656
0.98 7.142857142857143 80.0 13.114754098360656
0.99 7.142857142857143 80.0 13.114754098360656
1.0 3.5714285714285716 100.0 6.8965517241379315
