0.0 100.0 48.57142857142857 65.38461538461539
0.01 100.0 48.57142857142857 65.38461538461539
0.02 100.0 48.57142857142857 65.38461538461539
0.03 100.0 48.57142857142857 65.38461538461539
0.04 100.0 48.57142857142857 65.38461538461539
0.05 100.0 48.57142857142857 65.38461538461539
0.06 100.0 48.57142857142857 65.38461538461539
0.07 100.0 48.57142857142857 65.38461538461539
0.08 100.0 48.57142857142857 65.38461538461539
0.09 100.0 48.57142857142857 65.38461538461539
0.1 100.0 48.57142857142857 65.38461538461539
0.11 100.0 48.57142857142857 65.38461538461539
0.12 100.0 48.57142857142857 65.38461538461539
0.13 100.0 48.57142857142857 65.38461538461539
0.14 100.0 48.57142857142857 65.38461538461539
0.15 100.0 48.57142857142857 65.38461538461539
0.16 100.0 48.57142857142857 65.38461538461539
0.17 100.0 48.57142857142857 65.38461538461539
0.18 100.0 48.57142857142857 65.38461538461539
0.19 100.0 48.57142857142857 65.38461538461539
0.2 100.0 48.57142857142857 65.38461538461539
0.21 100.0 48.57142857142857 65.38461538461539
0.22 100.0 48.57142857142857 65.38461538461539
0.23 100.0 48.57142857142857 65.38461538461539
0.24 100.0 48.57142857142857 65.38461538461539
0.25 100.0 48.57142857142857 65.38461538461539
0.26 100.0 48.57142857142857 65.38461538461539
0.27 100.0 50.0 66.66666666666667
0.28 100.0 50.0 66.66666666666667
0.29 100.0 50.0 66.66666666666667
0.3 100.0 50.0 66.66666666666667
0.31 100.0 51.515151515151516 68.00000000000001
0.32 100.0 51.515151515151516 68.00000000000001
0.33 100.0 51.515151515151516 68.00000000000001
0.34 100.0 51.515151515151516 68.00000000000001
0.35000000000000003 100.0 51.515151515151516 68.00000000000001
0.36 100.0 51.515151515151516 68.00000000000001
0.37 100.0 53.125 69.38775510204081
0.38 100.0 53.125 69.38775510204081
0.39 100.0 53.125 69.38775510204081
0.4 100.0 54.83870967741935 70.83333333333333
0.41000000000000003 100.0 54.83870967741935 70.83333333333333
0.42 100.0 54.83870967741935 70.83333333333333
0.43 100.0 54.83870967741935 70.83333333333333
0.44 100.0 54.83870967741935 70.83333333333333
0.45 100.0 54.83870967741935 70.83333333333333
0.46 100.0 54.83870967741935 70.83333333333333
0.47000000000000003 100.0 56.666666666666664 72.34042553191489
0.48 100.0 56.666666666666664 72.34042553191489
0.49 100.0 56.666666666666664 72.34042553191489
0.5 100.0 58.62068965517241 73.91304347826086
0.51 100.0 58.62068965517241 73.91304347826086
0.52 100.0 60.714285714285715 75.55555555555556
0.53 100.0 60.714285714285715 75.55555555555556
0.54 100.0 60.714285714285715 75.55555555555556
0.55 100.0 60.714285714285715 75.55555555555556
0.56 100.0 62.96296296296296 77.27272727272728
0.5700000000000001 100.0 62.96296296296296 77.27272727272728
0.58 100.0 62.96296296296296 77.27272727272728
0.59 100.0 65.38461538461539 79.06976744186048
0.6 100.0 65.38461538461539 79.06976744186048
0.61 100.0 65.38461538461539 79.06976744186048
0.62 100.0 68.0 80.95238095238095
0.63 100.0 70.83333333333333 82.92682926829269
0.64 100.0 70.83333333333333 82.92682926829269
0.65 94.11764705882354 69.56521739130434 80.0
0.66 94.11764705882354 69.56521739130434 80.0
0.67 88.23529411764706 68.18181818181819 76.92307692307692
0.68 82.3529411764706 70.0 75.67567567567566
0.6900000000000001 82.3529411764706 70.0 75.67567567567566
0.7000000000000001 82.3529411764706 70.0 75.67567567567566
0.71 82.3529411764706 70.0 75.67567567567566
0.72 82.3529411764706 70.0 75.67567567567566
0.73 82.3529411764706 70.0 75.67567567567566
0.74 82.3529411764706 70.0 75.67567567567566
0.75 82.3529411764706 73.6842105263158 77.77777777777779
0.76 82.3529411764706 77.77777777777777 80.0
0.77 82.3529411764706 77.77777777777777 80.0
0.78 70.58823529411765 75.0 72.72727272727273
0.79 70.58823529411765 75.0 72.72727272727273
0.8 64.70588235294117 78.57142857142857 70.96774193548387
0.81 58.8235294117647 76.92307692307692 66.66666666666666
0.8200000000000001 52.94117647058823 75.0 62.06896551724138
0.8300000000000001 52.94117647058823 75.0 62.06896551724138
0.84 52.94117647058823 75.0 62.06896551724138
0.85 52.94117647058823 75.0 62.06896551724138
0.86 52.94117647058823 75.0 62.06896551724138
0.87 47.05882352941177 72.72727272727273 57.142857142857146
0.88 47.05882352941177 72.72727272727273 57.142857142857146
0.89 35.294117647058826 66.66666666666667 46.15384615384616
0.9 35.294117647058826 66.66666666666667 46.15384615384616
0.91 35.294117647058826 66.66666666666667 46.15384615384616
0.92 35.294117647058826 66.66666666666667 46.15384615384616
0.93 35.294117647058826 66.66666666666667 46.15384615384616
0.9400000000000001 35.294117647058826 66.66666666666667 46.15384615384616
0.9500000000000001 35.294117647058826 85.71428571428571 50.0
0.96 35.294117647058826 85.71428571428571 50.0
0.97 29.41176470588235 83.33333333333333 43.47826086956521
0.98 23.529411764705884 80.0 36.36363636363637
0.99 17.647058823529413 75.0 28.571428571428573
1.0 17.647058823529413 75.0 28.571428571428573
