0	0	41
0	0	41
0	0	41
0	0	41
0	0	41
0	0	41
0	0	41
0	0	41
0	0	41
0	0	41
0	0	41
0	0	41
0	0	41
0	0	41
0	0	41
0	0	41
0	0	41
0	0	41
0	0	41
0	0	41
0	0	41
0	0	41
0	0	41
0	0	41
0	0	41
0	0	41
0	0	41
0	0	41
0	0	41
0	0	41
0	0	41
0	0	41
0	0	41
0	0	41
0	0	41
0	0	41
0	0	41
0	0	41
0	0	41
0	0	41
0	0	41
1	0	40
1	0	40
1	0	40
1	0	40
1	0	40
1	0	40
1	0	40
1	0	40
1	0	40
1	0	40
1	0	40
2	0	39
2	0	39
2	0	39
3	0	38
4	0	37
4	0	37
4	0	37
4	0	37
4	0	37
5	0	36
5	0	36
5	0	36
6	0	35
7	0	34
7	0	34
7	0	34
9	0	32
10	0	31
10	0	31
10	0	31
10	0	31
11	0	30
13	0	28
15	0	26
16	0	25
17	0	24
17	0	24
18	0	23
19	0	22
20	0	21
20	0	21
21	0	20
22	0	19
23	0	18
23	0	18
23	0	18
23	0	18
23	0	18
23	0	18
24	0	17
24	0	17
25	0	16
27	0	14
27	0	14
27	0	14
27	0	14
28	0	13
29	0	12
31	0	10
