0.0 100.0 48.57142857142857 65.38461538461539
0.01 100.0 48.57142857142857 65.38461538461539
0.02 100.0 48.57142857142857 65.38461538461539
0.03 100.0 48.57142857142857 65.38461538461539
0.04 100.0 48.57142857142857 65.38461538461539
0.05 100.0 48.57142857142857 65.38461538461539
0.06 100.0 48.57142857142857 65.38461538461539
0.07 100.0 48.57142857142857 65.38461538461539
0.08 100.0 50.0 66.66666666666667
0.09 100.0 50.0 66.66666666666667
0.1 100.0 50.0 66.66666666666667
0.11 100.0 51.515151515151516 68.00000000000001
0.12 100.0 51.515151515151516 68.00000000000001
0.13 100.0 51.515151515151516 68.00000000000001
0.14 100.0 51.515151515151516 68.00000000000001
0.15 100.0 51.515151515151516 68.00000000000001
0.16 100.0 51.515151515151516 68.00000000000001
0.17 100.0 51.515151515151516 68.00000000000001
0.18 100.0 51.515151515151516 68.00000000000001
0.19 100.0 51.515151515151516 68.00000000000001
0.2 100.0 51.515151515151516 68.00000000000001
0.21 100.0 51.515151515151516 68.00000000000001
0.22 100.0 51.515151515151516 68.00000000000001
0.23 100.0 51.515151515151516 68.00000000000001
0.24 100.0 53.125 69.38775510204081
0.25 100.0 53.125 69.38775510204081
0.26 100.0 53.125 69.38775510204081
0.27 100.0 53.125 69.38775510204081
0.28 100.0 53.125 69.38775510204081
0.29 100.0 53.125 69.38775510204081
0.3 100.0 53.125 69.38775510204081
0.31 100.0 53.125 69.38775510204081
0.32 100.0 54.83870967741935 70.83333333333333
0.33 100.0 54.83870967741935 70.83333333333333
0.34 100.0 54.83870967741935 70.83333333333333
0.35000000000000003 100.0 54.83870967741935 70.83333333333333
0.36 100.0 54.83870967741935 70.83333333333333
0.37 100.0 54.83870967741935 70.83333333333333
0.38 100.0 54.83870967741935 70.83333333333333
0.39 100.0 54.83870967741935 70.83333333333333
0.4 100.0 56.666666666666664 72.34042553191489
0.41000000000000003 100.0 56.666666666666664 72.34042553191489
0.42 100.0 56.666666666666664 72.34042553191489
0.43 100.0 56.666666666666664 72.34042553191489
0.44 100.0 56.666666666666664 72.34042553191489
0.45 100.0 56.666666666666664 72.34042553191489
0.46 100.0 56.666666666666664 72.34042553191489
0.47000000000000003 100.0 58.62068965517241 73.91304347826086
0.48 100.0 58.62068965517241 73.91304347826086
0.49 100.0 60.714285714285715 75.55555555555556
0.5 100.0 62.96296296296296 77.27272727272728
0.51 100.0 62.96296296296296 77.27272727272728
0.52 94.11764705882354 61.53846153846154 74.41860465116278
0.53 94.11764705882354 66.66666666666667 78.04878048780488
0.54 94.11764705882354 66.66666666666667 78.04878048780488
0.55 94.11764705882354 66.66666666666667 78.04878048780488
0.56 88.23529411764706 68.18181818181819 76.92307692307692
0.5700000000000001 88.23529411764706 68.18181818181819 76.92307692307692
0.58 88.23529411764706 68.18181818181819 76.92307692307692
0.59 88.23529411764706 71.42857142857143 78.94736842105263
0.6 88.23529411764706 71.42857142857143 78.94736842105263
0.61 88.23529411764706 71.42857142857143 78.94736842105263
0.62 88.23529411764706 75.0 81.08108108108108
0.63 88.23529411764706 78.94736842105263 83.33333333333334
0.64 76.47058823529412 76.47058823529412 76.47058823529412
0.65 64.70588235294117 78.57142857142857 70.96774193548387
0.66 64.70588235294117 78.57142857142857 70.96774193548387
0.67 64.70588235294117 84.61538461538461 73.33333333333333
0.68 64.70588235294117 84.61538461538461 73.33333333333333
0.6900000000000001 64.70588235294117 84.61538461538461 73.33333333333333
0.7000000000000001 64.70588235294117 84.61538461538461 73.33333333333333
0.71 58.8235294117647 83.33333333333333 68.9655172413793
0.72 58.8235294117647 83.33333333333333 68.9655172413793
0.73 58.8235294117647 83.33333333333333 68.9655172413793
0.74 58.8235294117647 83.33333333333333 68.9655172413793
0.75 58.8235294117647 83.33333333333333 68.9655172413793
0.76 58.8235294117647 83.33333333333333 68.9655172413793
0.77 58.8235294117647 83.33333333333333 68.9655172413793
0.78 47.05882352941177 80.0 59.25925925925926
0.79 47.05882352941177 80.0 59.25925925925926
0.8 47.05882352941177 80.0 59.25925925925926
0.81 41.1764705882353 77.77777777777777 53.84615384615385
0.8200000000000001 41.1764705882353 77.77777777777777 53.84615384615385
0.8300000000000001 41.1764705882353 77.77777777777777 53.84615384615385
0.84 41.1764705882353 77.77777777777777 53.84615384615385
0.85 41.1764705882353 77.77777777777777 53.84615384615385
0.86 35.294117647058826 75.0 48.00000000000001
0.87 35.294117647058826 75.0 48.00000000000001
0.88 35.294117647058826 75.0 48.00000000000001
0.89 35.294117647058826 75.0 48.00000000000001
0.9 35.294117647058826 75.0 48.00000000000001
0.91 17.647058823529413 60.0 27.272727272727273
0.92 11.764705882352942 50.0 19.047619047619047
0.93 11.764705882352942 50.0 19.047619047619047
0.9400000000000001 11.764705882352942 66.66666666666667 20.0
0.9500000000000001 11.764705882352942 66.66666666666667 20.0
0.96 11.764705882352942 66.66666666666667 20.0
0.97 11.764705882352942 100.0 21.05263157894737
0.98 11.764705882352942 100.0 21.05263157894737
0.99 11.764705882352942 100.0 21.05263157894737
1.0 11.764705882352942 100.0 21.05263157894737
