0.0	100.0	48.57142857142857	65.38461538461539
0.01	100.0	48.57142857142857	65.38461538461539
0.02	100.0	48.57142857142857	65.38461538461539
0.03	100.0	48.57142857142857	65.38461538461539
0.04	100.0	48.57142857142857	65.38461538461539
0.05	100.0	48.57142857142857	65.38461538461539
0.06	100.0	48.57142857142857	65.38461538461539
0.07	100.0	48.57142857142857	65.38461538461539
0.08	100.0	48.57142857142857	65.38461538461539
0.09	100.0	48.57142857142857	65.38461538461539
0.1	100.0	48.57142857142857	65.38461538461539
0.11	100.0	48.57142857142857	65.38461538461539
0.12	100.0	48.57142857142857	65.38461538461539
0.13	100.0	48.57142857142857	65.38461538461539
0.14	100.0	48.57142857142857	65.38461538461539
0.15	100.0	48.57142857142857	65.38461538461539
0.16	100.0	48.57142857142857	65.38461538461539
0.17	100.0	48.57142857142857	65.38461538461539
0.18	100.0	48.57142857142857	65.38461538461539
0.19	100.0	48.57142857142857	65.38461538461539
0.2	100.0	48.57142857142857	65.38461538461539
0.21	94.11764705882354	48.484848484848484	64.0
0.22	94.11764705882354	48.484848484848484	64.0
0.23	88.23529411764706	46.875	61.22448979591835
0.24	88.23529411764706	46.875	61.22448979591835
0.25	88.23529411764706	46.875	61.22448979591835
0.26	88.23529411764706	46.875	61.22448979591835
0.27	88.23529411764706	46.875	61.22448979591835
0.28	88.23529411764706	46.875	61.22448979591835
0.29	88.23529411764706	46.875	61.22448979591835
0.3	88.23529411764706	46.875	61.22448979591835
0.31	88.23529411764706	46.875	61.22448979591835
0.32	88.23529411764706	46.875	61.22448979591835
0.33	88.23529411764706	46.875	61.22448979591835
0.34	82.3529411764706	45.16129032258065	58.33333333333333
0.35000000000000003	82.3529411764706	45.16129032258065	58.33333333333333
0.36	76.47058823529412	43.333333333333336	55.319148936170215
0.37	76.47058823529412	44.827586206896555	56.52173913043479
0.38	76.47058823529412	44.827586206896555	56.52173913043479
0.39	70.58823529411765	44.44444444444444	54.54545454545455
0.4	70.58823529411765	44.44444444444444	54.54545454545455
0.41000000000000003	70.58823529411765	46.15384615384615	55.81395348837209
0.42	70.58823529411765	48.0	57.142857142857146
0.43	70.58823529411765	48.0	57.142857142857146
0.44	64.70588235294117	47.82608695652174	55.00000000000001
0.45	64.70588235294117	47.82608695652174	55.00000000000001
0.46	64.70588235294117	47.82608695652174	55.00000000000001
0.47000000000000003	64.70588235294117	47.82608695652174	55.00000000000001
0.48	64.70588235294117	47.82608695652174	55.00000000000001
0.49	64.70588235294117	47.82608695652174	55.00000000000001
0.5	58.8235294117647	45.45454545454545	51.28205128205128
0.51	58.8235294117647	45.45454545454545	51.28205128205128
0.52	52.94117647058823	42.857142857142854	47.36842105263157
0.53	47.05882352941177	40.0	43.24324324324324
0.54	47.05882352941177	42.10526315789474	44.44444444444445
0.55	41.1764705882353	38.888888888888886	40.0
0.56	41.1764705882353	38.888888888888886	40.0
0.5700000000000001	41.1764705882353	38.888888888888886	40.0
0.58	41.1764705882353	38.888888888888886	40.0
0.59	41.1764705882353	38.888888888888886	40.0
0.6	41.1764705882353	38.888888888888886	40.0
0.61	41.1764705882353	38.888888888888886	40.0
0.62	41.1764705882353	41.1764705882353	41.1764705882353
0.63	41.1764705882353	41.1764705882353	41.1764705882353
0.64	41.1764705882353	41.1764705882353	41.1764705882353
0.65	35.294117647058826	37.5	36.36363636363637
0.66	35.294117647058826	40.0	37.50000000000001
0.67	35.294117647058826	40.0	37.50000000000001
0.68	35.294117647058826	40.0	37.50000000000001
0.6900000000000001	35.294117647058826	40.0	37.50000000000001
0.7000000000000001	35.294117647058826	40.0	37.50000000000001
0.71	35.294117647058826	42.857142857142854	38.70967741935484
0.72	35.294117647058826	42.857142857142854	38.70967741935484
0.73	35.294117647058826	42.857142857142854	38.70967741935484
0.74	35.294117647058826	42.857142857142854	38.70967741935484
0.75	35.294117647058826	42.857142857142854	38.70967741935484
0.76	35.294117647058826	42.857142857142854	38.70967741935484
0.77	35.294117647058826	42.857142857142854	38.70967741935484
0.78	35.294117647058826	42.857142857142854	38.70967741935484
0.79	35.294117647058826	42.857142857142854	38.70967741935484
0.8	35.294117647058826	46.15384615384615	40.00000000000001
0.81	35.294117647058826	46.15384615384615	40.00000000000001
0.8200000000000001	35.294117647058826	46.15384615384615	40.00000000000001
0.8300000000000001	35.294117647058826	46.15384615384615	40.00000000000001
0.84	35.294117647058826	46.15384615384615	40.00000000000001
0.85	35.294117647058826	46.15384615384615	40.00000000000001
0.86	35.294117647058826	46.15384615384615	40.00000000000001
0.87	35.294117647058826	46.15384615384615	40.00000000000001
0.88	35.294117647058826	46.15384615384615	40.00000000000001
0.89	35.294117647058826	46.15384615384615	40.00000000000001
0.9	35.294117647058826	46.15384615384615	40.00000000000001
0.91	35.294117647058826	46.15384615384615	40.00000000000001
0.92	35.294117647058826	50.0	41.37931034482759
0.93	29.41176470588235	45.45454545454545	35.714285714285715
0.9400000000000001	29.41176470588235	45.45454545454545	35.714285714285715
0.9500000000000001	29.41176470588235	50.0	37.03703703703704
0.96	29.41176470588235	50.0	37.03703703703704
0.97	23.529411764705884	50.0	32.0
0.98	23.529411764705884	50.0	32.0
0.99	23.529411764705884	57.142857142857146	33.33333333333334
1.0	23.529411764705884	57.142857142857146	33.33333333333334
