0.0	48.57142857142857	100.0	65.38461538461539
0.01	48.57142857142857	100.0	65.38461538461539
0.02	48.57142857142857	100.0	65.38461538461539
0.03	48.57142857142857	100.0	65.38461538461539
0.04	48.57142857142857	100.0	65.38461538461539
0.05	48.57142857142857	100.0	65.38461538461539
0.06	48.57142857142857	100.0	65.38461538461539
0.07	48.57142857142857	100.0	65.38461538461539
0.08	48.57142857142857	100.0	65.38461538461539
0.09	50.0	100.0	66.66666666666667
0.1	50.0	100.0	66.66666666666667
0.11	50.0	100.0	66.66666666666667
0.12	50.0	100.0	66.66666666666667
0.13	50.0	100.0	66.66666666666667
0.14	50.0	100.0	66.66666666666667
0.15	50.0	100.0	66.66666666666667
0.16	50.0	100.0	66.66666666666667
0.17	50.0	100.0	66.66666666666667
0.18	50.0	100.0	66.66666666666667
0.19	50.0	100.0	66.66666666666667
0.2	50.0	100.0	66.66666666666667
0.21	50.0	100.0	66.66666666666667
0.22	50.0	100.0	66.66666666666667
0.23	50.0	100.0	66.66666666666667
0.24	50.0	100.0	66.66666666666667
0.25	51.515151515151516	100.0	68.00000000000001
0.26	51.515151515151516	100.0	68.00000000000001
0.27	51.515151515151516	100.0	68.00000000000001
0.28	51.515151515151516	100.0	68.00000000000001
0.29	51.515151515151516	100.0	68.00000000000001
0.3	51.515151515151516	100.0	68.00000000000001
0.31	51.515151515151516	100.0	68.00000000000001
0.32	51.515151515151516	100.0	68.00000000000001
0.33	51.515151515151516	100.0	68.00000000000001
0.34	53.125	100.0	69.38775510204081
0.35000000000000003	53.125	100.0	69.38775510204081
0.36	51.61290322580645	94.11764705882354	66.66666666666666
0.37	53.333333333333336	94.11764705882354	68.08510638297872
0.38	55.172413793103445	94.11764705882354	69.56521739130436
0.39	55.172413793103445	94.11764705882354	69.56521739130436
0.4	53.57142857142857	88.23529411764706	66.66666666666666
0.41000000000000003	53.57142857142857	88.23529411764706	66.66666666666666
0.42	53.57142857142857	88.23529411764706	66.66666666666666
0.43	53.57142857142857	88.23529411764706	66.66666666666666
0.44	53.57142857142857	88.23529411764706	66.66666666666666
0.45	53.57142857142857	88.23529411764706	66.66666666666666
0.46	53.57142857142857	88.23529411764706	66.66666666666666
0.47000000000000003	53.57142857142857	88.23529411764706	66.66666666666666
0.48	57.69230769230769	88.23529411764706	69.76744186046513
0.49	56.0	82.3529411764706	66.66666666666666
0.5	56.0	82.3529411764706	66.66666666666666
0.51	56.0	82.3529411764706	66.66666666666666
0.52	56.0	82.3529411764706	66.66666666666666
0.53	56.0	82.3529411764706	66.66666666666666
0.54	56.0	82.3529411764706	66.66666666666666
0.55	56.0	82.3529411764706	66.66666666666666
0.56	56.0	82.3529411764706	66.66666666666666
0.5700000000000001	56.0	82.3529411764706	66.66666666666666
0.58	54.166666666666664	76.47058823529412	63.41463414634147
0.59	54.166666666666664	76.47058823529412	63.41463414634147
0.6	56.52173913043478	76.47058823529412	65.0
0.61	54.54545454545455	70.58823529411765	61.53846153846154
0.62	54.54545454545455	70.58823529411765	61.53846153846154
0.63	52.38095238095238	64.70588235294117	57.89473684210526
0.64	58.8235294117647	58.8235294117647	58.8235294117647
0.65	62.5	58.8235294117647	60.60606060606061
0.66	62.5	58.8235294117647	60.60606060606061
0.67	62.5	58.8235294117647	60.60606060606061
0.68	62.5	58.8235294117647	60.60606060606061
0.6900000000000001	62.5	58.8235294117647	60.60606060606061
0.7000000000000001	60.0	52.94117647058823	56.24999999999999
0.71	60.0	52.94117647058823	56.24999999999999
0.72	64.28571428571429	52.94117647058823	58.064516129032256
0.73	64.28571428571429	52.94117647058823	58.064516129032256
0.74	64.28571428571429	52.94117647058823	58.064516129032256
0.75	61.53846153846154	47.05882352941177	53.33333333333333
0.76	61.53846153846154	47.05882352941177	53.33333333333333
0.77	72.72727272727273	47.05882352941177	57.142857142857146
0.78	72.72727272727273	47.05882352941177	57.142857142857146
0.79	80.0	47.05882352941177	59.25925925925926
0.8	80.0	47.05882352941177	59.25925925925926
0.81	88.88888888888889	47.05882352941177	61.53846153846155
0.8200000000000001	88.88888888888889	47.05882352941177	61.53846153846155
0.8300000000000001	88.88888888888889	47.05882352941177	61.53846153846155
0.84	100.0	47.05882352941177	64.0
0.85	100.0	47.05882352941177	64.0
0.86	100.0	47.05882352941177	64.0
0.87	100.0	47.05882352941177	64.0
0.88	100.0	41.1764705882353	58.333333333333336
0.89	100.0	35.294117647058826	52.17391304347826
0.9	100.0	29.41176470588235	45.45454545454545
0.91	100.0	29.41176470588235	45.45454545454545
0.92	100.0	29.41176470588235	45.45454545454545
0.93	100.0	29.41176470588235	45.45454545454545
0.9400000000000001	100.0	29.41176470588235	45.45454545454545
0.9500000000000001	100.0	29.41176470588235	45.45454545454545
0.96	100.0	29.41176470588235	45.45454545454545
0.97	100.0	29.41176470588235	45.45454545454545
0.98	100.0	23.529411764705884	38.095238095238095
0.99	100.0	17.647058823529413	30.0
1.0	100.0	17.647058823529413	30.0
