0.0	100.0	34.42622950819672	51.21951219512195
0.01	100.0	34.42622950819672	51.21951219512195
0.02	100.0	34.42622950819672	51.21951219512195
0.03	100.0	34.42622950819672	51.21951219512195
0.04	100.0	34.42622950819672	51.21951219512195
0.05	100.0	34.42622950819672	51.21951219512195
0.06	100.0	34.42622950819672	51.21951219512195
0.07	100.0	34.42622950819672	51.21951219512195
0.08	100.0	34.42622950819672	51.21951219512195
0.09	100.0	34.42622950819672	51.21951219512195
0.1	100.0	34.42622950819672	51.21951219512195
0.11	100.0	34.42622950819672	51.21951219512195
0.12	100.0	34.42622950819672	51.21951219512195
0.13	100.0	34.42622950819672	51.21951219512195
0.14	100.0	34.42622950819672	51.21951219512195
0.15	100.0	34.42622950819672	51.21951219512195
0.16	100.0	34.42622950819672	51.21951219512195
0.17	100.0	34.42622950819672	51.21951219512195
0.18	100.0	34.42622950819672	51.21951219512195
0.19	100.0	34.42622950819672	51.21951219512195
0.2	100.0	34.42622950819672	51.21951219512195
0.21	100.0	34.710743801652896	51.53374233128836
0.22	100.0	34.710743801652896	51.53374233128836
0.23	100.0	35.0	51.851851851851855
0.24	100.0	35.0	51.851851851851855
0.25	100.0	35.294117647058826	52.17391304347826
0.26	100.0	35.294117647058826	52.17391304347826
0.27	100.0	35.294117647058826	52.17391304347826
0.28	100.0	35.294117647058826	52.17391304347826
0.29	100.0	35.59322033898305	52.5
0.3	100.0	35.8974358974359	52.83018867924528
0.31	100.0	36.52173913043478	53.503184713375795
0.32	100.0	36.52173913043478	53.503184713375795
0.33	100.0	36.52173913043478	53.503184713375795
0.34	100.0	36.52173913043478	53.503184713375795
0.35000000000000003	100.0	36.8421052631579	53.84615384615385
0.36	100.0	36.8421052631579	53.84615384615385
0.37	100.0	37.16814159292036	54.193548387096776
0.38	100.0	37.5	54.54545454545455
0.39	100.0	38.53211009174312	55.629139072847686
0.4	100.0	40.0	57.142857142857146
0.41000000000000003	97.61904761904762	41.0	57.74647887323943
0.42	97.61904761904762	41.41414141414141	58.15602836879432
0.43	97.61904761904762	42.2680412371134	58.99280575539568
0.44	97.61904761904762	42.2680412371134	58.99280575539568
0.45	97.61904761904762	43.1578947368421	59.85401459854014
0.46	97.61904761904762	43.61702127659574	60.29411764705881
0.47000000000000003	95.23809523809524	43.47826086956522	59.70149253731344
0.48	95.23809523809524	43.956043956043956	60.150375939849624
0.49	95.23809523809524	44.44444444444444	60.6060606060606
0.5	95.23809523809524	44.44444444444444	60.6060606060606
0.51	95.23809523809524	45.45454545454545	61.53846153846154
0.52	92.85714285714286	45.88235294117647	61.41732283464568
0.53	92.85714285714286	46.42857142857143	61.90476190476192
0.54	92.85714285714286	46.98795180722892	62.40000000000001
0.55	90.47619047619048	46.91358024691358	61.788617886178876
0.56	88.0952380952381	46.835443037974684	61.157024793388445
0.5700000000000001	88.0952380952381	48.05194805194805	62.18487394957983
0.58	88.0952380952381	49.333333333333336	63.24786324786324
0.59	88.0952380952381	50.68493150684932	64.34782608695652
0.6	88.0952380952381	51.388888888888886	64.91228070175438
0.61	85.71428571428571	50.70422535211268	63.71681415929204
0.62	85.71428571428571	51.42857142857143	64.28571428571429
0.63	85.71428571428571	52.17391304347826	64.86486486486486
0.64	83.33333333333333	52.23880597014925	64.22018348623854
0.65	80.95238095238095	52.30769230769231	63.55140186915888
0.66	80.95238095238095	52.30769230769231	63.55140186915888
0.67	80.95238095238095	52.30769230769231	63.55140186915888
0.68	76.19047619047619	50.79365079365079	60.95238095238095
0.6900000000000001	73.80952380952381	50.81967213114754	60.19417475728155
0.7000000000000001	73.80952380952381	51.666666666666664	60.784313725490186
0.71	73.80952380952381	52.54237288135593	61.386138613861384
0.72	73.80952380952381	53.44827586206897	62.0
0.73	71.42857142857143	55.55555555555556	62.50000000000001
0.74	66.66666666666667	56.0	60.869565217391305
0.75	61.904761904761905	54.166666666666664	57.77777777777777
0.76	59.523809523809526	55.55555555555556	57.4712643678161
0.77	57.142857142857146	55.81395348837209	56.470588235294116
0.78	57.142857142857146	55.81395348837209	56.470588235294116
0.79	54.76190476190476	54.76190476190476	54.76190476190476
0.8	52.38095238095238	56.41025641025641	54.32098765432099
0.81	50.0	55.26315789473684	52.49999999999999
0.8200000000000001	50.0	55.26315789473684	52.49999999999999
0.8300000000000001	47.61904761904762	54.054054054054056	50.632911392405056
0.84	45.23809523809524	55.88235294117647	50.00000000000001
0.85	42.857142857142854	56.25	48.64864864864864
0.86	42.857142857142854	58.064516129032256	49.315068493150676
0.87	42.857142857142854	60.0	49.99999999999999
0.88	42.857142857142854	60.0	49.99999999999999
0.89	42.857142857142854	62.06896551724138	50.70422535211268
0.9	42.857142857142854	64.28571428571429	51.42857142857144
0.91	40.476190476190474	62.96296296296296	49.27536231884057
0.92	40.476190476190474	68.0	50.74626865671642
0.93	38.095238095238095	66.66666666666667	48.484848484848484
0.9400000000000001	33.333333333333336	73.6842105263158	45.9016393442623
0.9500000000000001	33.333333333333336	77.77777777777777	46.666666666666664
0.96	33.333333333333336	82.3529411764706	47.457627118644076
0.97	33.333333333333336	82.3529411764706	47.457627118644076
0.98	30.952380952380953	81.25	44.82758620689655
0.99	28.571428571428573	92.3076923076923	43.63636363636364
1.0	23.80952380952381	90.9090909090909	37.73584905660377
