0	0	17
0	0	17
0	0	17
0	0	17
0	0	17
0	0	17
0	0	17
0	0	17
0	0	17
0	0	17
0	0	17
0	0	17
0	0	17
0	0	17
0	0	17
0	0	17
0	0	17
0	0	17
0	0	17
0	0	17
0	0	17
1	0	16
1	0	16
2	0	15
2	0	15
2	0	15
2	0	15
2	0	15
2	0	15
2	0	15
2	0	15
2	0	15
2	0	15
2	0	15
3	0	14
3	0	14
4	0	13
4	0	13
4	0	13
5	0	12
5	0	12
5	0	12
5	0	12
5	0	12
6	0	11
6	0	11
6	0	11
6	0	11
6	0	11
6	0	11
7	0	10
7	0	10
8	0	9
9	0	8
9	0	8
10	0	7
10	0	7
10	0	7
10	0	7
10	0	7
10	0	7
10	0	7
10	0	7
10	0	7
10	0	7
11	0	6
11	0	6
11	0	6
11	0	6
11	0	6
11	0	6
11	0	6
11	0	6
11	0	6
11	0	6
11	0	6
11	0	6
11	0	6
11	0	6
11	0	6
11	0	6
11	0	6
11	0	6
11	0	6
11	0	6
11	0	6
11	0	6
11	0	6
11	0	6
11	0	6
11	0	6
11	0	6
11	0	6
12	0	5
12	0	5
12	0	5
12	0	5
13	0	4
13	0	4
13	0	4
13	0	4
