0.0 100.0 41.07142857142857 58.22784810126583
0.01 100.0 41.81818181818182 58.97435897435898
0.02 100.0 41.81818181818182 58.97435897435898
0.03 100.0 41.81818181818182 58.97435897435898
0.04 100.0 41.81818181818182 58.97435897435898
0.05 100.0 41.81818181818182 58.97435897435898
0.06 100.0 41.81818181818182 58.97435897435898
0.07 100.0 41.81818181818182 58.97435897435898
0.08 100.0 41.81818181818182 58.97435897435898
0.09 100.0 41.81818181818182 58.97435897435898
0.1 100.0 41.81818181818182 58.97435897435898
0.11 100.0 41.81818181818182 58.97435897435898
0.12 100.0 41.81818181818182 58.97435897435898
0.13 100.0 41.81818181818182 58.97435897435898
0.14 100.0 41.81818181818182 58.97435897435898
0.15 100.0 41.81818181818182 58.97435897435898
0.16 100.0 41.81818181818182 58.97435897435898
0.17 100.0 42.592592592592595 59.74025974025973
0.18 100.0 42.592592592592595 59.74025974025973
0.19 100.0 42.592592592592595 59.74025974025973
0.2 100.0 42.592592592592595 59.74025974025973
0.21 100.0 42.592592592592595 59.74025974025973
0.22 100.0 43.39622641509434 60.52631578947369
0.23 100.0 43.39622641509434 60.52631578947369
0.24 100.0 43.39622641509434 60.52631578947369
0.25 100.0 43.39622641509434 60.52631578947369
0.26 100.0 44.23076923076923 61.33333333333334
0.27 95.65217391304348 44.0 60.27397260273972
0.28 95.65217391304348 44.89795918367347 61.111111111111114
0.29 95.65217391304348 44.89795918367347 61.111111111111114
0.3 95.65217391304348 44.89795918367347 61.111111111111114
0.31 95.65217391304348 44.89795918367347 61.111111111111114
0.32 95.65217391304348 44.89795918367347 61.111111111111114
0.33 95.65217391304348 44.89795918367347 61.111111111111114
0.34 95.65217391304348 44.89795918367347 61.111111111111114
0.35000000000000003 91.30434782608695 43.75 59.15492957746479
0.36 86.95652173913044 42.5531914893617 57.142857142857146
0.37 86.95652173913044 42.5531914893617 57.142857142857146
0.38 86.95652173913044 43.47826086956522 57.971014492753625
0.39 86.95652173913044 43.47826086956522 57.971014492753625
0.4 82.6086956521739 42.22222222222222 55.882352941176464
0.41000000000000003 82.6086956521739 42.22222222222222 55.882352941176464
0.42 82.6086956521739 42.22222222222222 55.882352941176464
0.43 78.26086956521739 40.90909090909091 53.731343283582085
0.44 78.26086956521739 40.90909090909091 53.731343283582085
0.45 73.91304347826087 40.476190476190474 52.3076923076923
0.46 73.91304347826087 41.46341463414634 53.12499999999999
0.47000000000000003 73.91304347826087 41.46341463414634 53.12499999999999
0.48 73.91304347826087 41.46341463414634 53.12499999999999
0.49 73.91304347826087 41.46341463414634 53.12499999999999
0.5 73.91304347826087 42.5 53.96825396825397
0.51 73.91304347826087 43.58974358974359 54.83870967741935
0.52 73.91304347826087 43.58974358974359 54.83870967741935
0.53 73.91304347826087 43.58974358974359 54.83870967741935
0.54 73.91304347826087 44.73684210526316 55.73770491803279
0.55 69.56521739130434 43.24324324324324 53.33333333333333
0.56 69.56521739130434 44.44444444444444 54.23728813559322
0.5700000000000001 69.56521739130434 44.44444444444444 54.23728813559322
0.58 69.56521739130434 44.44444444444444 54.23728813559322
0.59 69.56521739130434 44.44444444444444 54.23728813559322
0.6 60.869565217391305 41.1764705882353 49.122807017543856
0.61 56.52173913043478 40.625 47.27272727272727
0.62 56.52173913043478 40.625 47.27272727272727
0.63 52.17391304347826 40.0 45.28301886792453
0.64 52.17391304347826 41.37931034482759 46.15384615384615
0.65 52.17391304347826 42.857142857142854 47.05882352941176
0.66 52.17391304347826 42.857142857142854 47.05882352941176
0.67 47.82608695652174 40.74074074074074 44.0
0.68 47.82608695652174 40.74074074074074 44.0
0.6900000000000001 47.82608695652174 42.30769230769231 44.89795918367347
0.7000000000000001 47.82608695652174 42.30769230769231 44.89795918367347
0.71 47.82608695652174 42.30769230769231 44.89795918367347
0.72 47.82608695652174 42.30769230769231 44.89795918367347
0.73 47.82608695652174 42.30769230769231 44.89795918367347
0.74 43.47826086956522 40.0 41.666666666666664
0.75 43.47826086956522 40.0 41.666666666666664
0.76 43.47826086956522 41.666666666666664 42.55319148936171
0.77 43.47826086956522 43.47826086956522 43.47826086956522
0.78 43.47826086956522 45.45454545454545 44.44444444444445
0.79 43.47826086956522 47.61904761904762 45.45454545454546
0.8 43.47826086956522 50.0 46.51162790697675
0.81 43.47826086956522 50.0 46.51162790697675
0.8200000000000001 43.47826086956522 50.0 46.51162790697675
0.8300000000000001 43.47826086956522 50.0 46.51162790697675
0.84 39.130434782608695 47.36842105263158 42.85714285714286
0.85 39.130434782608695 47.36842105263158 42.85714285714286
0.86 34.78260869565217 44.44444444444444 39.02439024390244
0.87 34.78260869565217 44.44444444444444 39.02439024390244
0.88 34.78260869565217 44.44444444444444 39.02439024390244
0.89 34.78260869565217 44.44444444444444 39.02439024390244
0.9 34.78260869565217 44.44444444444444 39.02439024390244
0.91 34.78260869565217 44.44444444444444 39.02439024390244
0.92 30.434782608695652 41.1764705882353 35.0
0.93 30.434782608695652 41.1764705882353 35.0
0.9400000000000001 21.73913043478261 33.333333333333336 26.315789473684212
0.9500000000000001 21.73913043478261 33.333333333333336 26.315789473684212
0.96 17.391304347826086 28.571428571428573 21.62162162162162
0.97 17.391304347826086 28.571428571428573 21.62162162162162
0.98 17.391304347826086 33.333333333333336 22.857142857142858
0.99 17.391304347826086 36.36363636363637 23.52941176470588
1.0 17.391304347826086 36.36363636363637 23.52941176470588
