0.0	100.0	62.5	76.92307692307692
0.01	100.0	62.5	76.92307692307692
0.02	100.0	62.5	76.92307692307692
0.03	100.0	62.5	76.92307692307692
0.04	100.0	63.829787234042556	77.92207792207793
0.05	100.0	63.829787234042556	77.92207792207793
0.06	100.0	63.829787234042556	77.92207792207793
0.07	100.0	63.829787234042556	77.92207792207793
0.08	100.0	63.829787234042556	77.92207792207793
0.09	100.0	63.829787234042556	77.92207792207793
0.1	96.66666666666667	63.04347826086956	76.3157894736842
0.11	96.66666666666667	63.04347826086956	76.3157894736842
0.12	96.66666666666667	63.04347826086956	76.3157894736842
0.13	96.66666666666667	63.04347826086956	76.3157894736842
0.14	96.66666666666667	63.04347826086956	76.3157894736842
0.15	96.66666666666667	63.04347826086956	76.3157894736842
0.16	96.66666666666667	63.04347826086956	76.3157894736842
0.17	96.66666666666667	63.04347826086956	76.3157894736842
0.18	96.66666666666667	63.04347826086956	76.3157894736842
0.19	96.66666666666667	63.04347826086956	76.3157894736842
0.2	96.66666666666667	63.04347826086956	76.3157894736842
0.21	96.66666666666667	63.04347826086956	76.3157894736842
0.22	96.66666666666667	63.04347826086956	76.3157894736842
0.23	96.66666666666667	63.04347826086956	76.3157894736842
0.24	96.66666666666667	63.04347826086956	76.3157894736842
0.25	96.66666666666667	63.04347826086956	76.3157894736842
0.26	96.66666666666667	63.04347826086956	76.3157894736842
0.27	96.66666666666667	63.04347826086956	76.3157894736842
0.28	96.66666666666667	63.04347826086956	76.3157894736842
0.29	96.66666666666667	63.04347826086956	76.3157894736842
0.3	96.66666666666667	63.04347826086956	76.3157894736842
0.31	96.66666666666667	64.44444444444444	77.33333333333333
0.32	96.66666666666667	64.44444444444444	77.33333333333333
0.33	96.66666666666667	64.44444444444444	77.33333333333333
0.34	96.66666666666667	67.44186046511628	79.45205479452055
0.35000000000000003	96.66666666666667	69.04761904761905	80.55555555555556
0.36	96.66666666666667	70.73170731707317	81.69014084507043
0.37	96.66666666666667	70.73170731707317	81.69014084507043
0.38	96.66666666666667	70.73170731707317	81.69014084507043
0.39	96.66666666666667	72.5	82.85714285714286
0.4	96.66666666666667	72.5	82.85714285714286
0.41000000000000003	96.66666666666667	72.5	82.85714285714286
0.42	96.66666666666667	72.5	82.85714285714286
0.43	96.66666666666667	76.3157894736842	85.29411764705883
0.44	96.66666666666667	76.3157894736842	85.29411764705883
0.45	93.33333333333333	75.67567567567568	83.58208955223881
0.46	90.0	75.0	81.81818181818181
0.47000000000000003	86.66666666666667	76.47058823529412	81.25000000000001
0.48	86.66666666666667	76.47058823529412	81.25000000000001
0.49	86.66666666666667	78.78787878787878	82.53968253968254
0.5	86.66666666666667	78.78787878787878	82.53968253968254
0.51	86.66666666666667	81.25	83.87096774193547
0.52	86.66666666666667	86.66666666666667	86.66666666666667
0.53	86.66666666666667	86.66666666666667	86.66666666666667
0.54	86.66666666666667	86.66666666666667	86.66666666666667
0.55	83.33333333333333	86.20689655172414	84.7457627118644
0.56	83.33333333333333	86.20689655172414	84.7457627118644
0.5700000000000001	80.0	85.71428571428571	82.75862068965516
0.58	73.33333333333333	84.61538461538461	78.57142857142856
0.59	73.33333333333333	84.61538461538461	78.57142857142856
0.6	73.33333333333333	84.61538461538461	78.57142857142856
0.61	73.33333333333333	84.61538461538461	78.57142857142856
0.62	73.33333333333333	84.61538461538461	78.57142857142856
0.63	73.33333333333333	84.61538461538461	78.57142857142856
0.64	66.66666666666667	86.95652173913044	75.47169811320755
0.65	66.66666666666667	86.95652173913044	75.47169811320755
0.66	66.66666666666667	86.95652173913044	75.47169811320755
0.67	66.66666666666667	86.95652173913044	75.47169811320755
0.68	63.333333333333336	86.36363636363636	73.07692307692308
0.6900000000000001	63.333333333333336	86.36363636363636	73.07692307692308
0.7000000000000001	63.333333333333336	90.47619047619048	74.50980392156863
0.71	63.333333333333336	95.0	76.0
0.72	60.0	94.73684210526316	73.46938775510203
0.73	56.666666666666664	94.44444444444444	70.83333333333333
0.74	53.333333333333336	94.11764705882354	68.08510638297872
0.75	53.333333333333336	94.11764705882354	68.08510638297872
0.76	53.333333333333336	94.11764705882354	68.08510638297872
0.77	53.333333333333336	94.11764705882354	68.08510638297872
0.78	53.333333333333336	94.11764705882354	68.08510638297872
0.79	53.333333333333336	94.11764705882354	68.08510638297872
0.8	50.0	93.75	65.21739130434783
0.81	50.0	93.75	65.21739130434783
0.8200000000000001	50.0	93.75	65.21739130434783
0.8300000000000001	50.0	93.75	65.21739130434783
0.84	50.0	93.75	65.21739130434783
0.85	50.0	93.75	65.21739130434783
0.86	50.0	93.75	65.21739130434783
0.87	50.0	93.75	65.21739130434783
0.88	46.666666666666664	93.33333333333333	62.22222222222221
0.89	46.666666666666664	93.33333333333333	62.22222222222221
0.9	40.0	92.3076923076923	55.813953488372086
0.91	40.0	92.3076923076923	55.813953488372086
0.92	40.0	92.3076923076923	55.813953488372086
0.93	36.666666666666664	100.0	53.65853658536586
0.9400000000000001	36.666666666666664	100.0	53.65853658536586
0.9500000000000001	33.333333333333336	100.0	50.0
0.96	33.333333333333336	100.0	50.0
0.97	30.0	100.0	46.15384615384615
0.98	30.0	100.0	46.15384615384615
0.99	30.0	100.0	46.15384615384615
1.0	30.0	100.0	46.15384615384615
