0.0	100.0	44.776119402985074	61.85567010309279
0.01	100.0	44.776119402985074	61.85567010309279
0.02	100.0	44.776119402985074	61.85567010309279
0.03	100.0	44.776119402985074	61.85567010309279
0.04	100.0	44.776119402985074	61.85567010309279
0.05	100.0	44.776119402985074	61.85567010309279
0.06	100.0	44.776119402985074	61.85567010309279
0.07	100.0	44.776119402985074	61.85567010309279
0.08	100.0	44.776119402985074	61.85567010309279
0.09	100.0	44.776119402985074	61.85567010309279
0.1	100.0	44.776119402985074	61.85567010309279
0.11	100.0	44.776119402985074	61.85567010309279
0.12	100.0	44.776119402985074	61.85567010309279
0.13	100.0	44.776119402985074	61.85567010309279
0.14	100.0	45.45454545454545	62.5
0.15	96.66666666666667	44.61538461538461	61.05263157894737
0.16	96.66666666666667	44.61538461538461	61.05263157894737
0.17	96.66666666666667	44.61538461538461	61.05263157894737
0.18	96.66666666666667	44.61538461538461	61.05263157894737
0.19	96.66666666666667	45.3125	61.702127659574465
0.2	96.66666666666667	45.3125	61.702127659574465
0.21	96.66666666666667	45.3125	61.702127659574465
0.22	90.0	43.54838709677419	58.69565217391303
0.23	90.0	43.54838709677419	58.69565217391303
0.24	90.0	43.54838709677419	58.69565217391303
0.25	90.0	43.54838709677419	58.69565217391303
0.26	90.0	43.54838709677419	58.69565217391303
0.27	90.0	45.0	60.0
0.28	90.0	45.0	60.0
0.29	90.0	45.0	60.0
0.3	90.0	45.0	60.0
0.31	90.0	45.0	60.0
0.32	90.0	45.0	60.0
0.33	90.0	45.0	60.0
0.34	90.0	45.0	60.0
0.35000000000000003	90.0	45.0	60.0
0.36	90.0	45.0	60.0
0.37	90.0	45.76271186440678	60.674157303370784
0.38	90.0	45.76271186440678	60.674157303370784
0.39	90.0	45.76271186440678	60.674157303370784
0.4	90.0	46.55172413793103	61.36363636363635
0.41000000000000003	86.66666666666667	45.6140350877193	59.77011494252874
0.42	83.33333333333333	45.45454545454545	58.8235294117647
0.43	83.33333333333333	45.45454545454545	58.8235294117647
0.44	83.33333333333333	45.45454545454545	58.8235294117647
0.45	83.33333333333333	45.45454545454545	58.8235294117647
0.46	83.33333333333333	46.2962962962963	59.523809523809526
0.47000000000000003	83.33333333333333	47.16981132075472	60.2409638554217
0.48	83.33333333333333	49.01960784313726	61.7283950617284
0.49	80.0	48.0	60.0
0.5	80.0	48.97959183673469	60.75949367088607
0.51	76.66666666666667	47.916666666666664	58.97435897435897
0.52	73.33333333333333	46.808510638297875	57.14285714285714
0.53	73.33333333333333	46.808510638297875	57.14285714285714
0.54	70.0	46.666666666666664	56.0
0.55	70.0	46.666666666666664	56.0
0.56	70.0	47.72727272727273	56.756756756756765
0.5700000000000001	66.66666666666667	46.51162790697674	54.794520547945204
0.58	66.66666666666667	46.51162790697674	54.794520547945204
0.59	63.333333333333336	45.23809523809524	52.77777777777778
0.6	63.333333333333336	45.23809523809524	52.77777777777778
0.61	60.0	43.90243902439025	50.70422535211268
0.62	56.666666666666664	43.58974358974359	49.275362318840585
0.63	56.666666666666664	43.58974358974359	49.275362318840585
0.64	56.666666666666664	43.58974358974359	49.275362318840585
0.65	56.666666666666664	43.58974358974359	49.275362318840585
0.66	56.666666666666664	43.58974358974359	49.275362318840585
0.67	56.666666666666664	45.945945945945944	50.74626865671642
0.68	56.666666666666664	45.945945945945944	50.74626865671642
0.6900000000000001	56.666666666666664	45.945945945945944	50.74626865671642
0.7000000000000001	56.666666666666664	45.945945945945944	50.74626865671642
0.71	53.333333333333336	45.714285714285715	49.230769230769226
0.72	53.333333333333336	48.484848484848484	50.793650793650805
0.73	46.666666666666664	45.16129032258065	45.90163934426229
0.74	46.666666666666664	46.666666666666664	46.66666666666666
0.75	46.666666666666664	48.275862068965516	47.45762711864407
0.76	46.666666666666664	50.0	48.275862068965516
0.77	43.333333333333336	48.148148148148145	45.6140350877193
0.78	40.0	48.0	43.63636363636363
0.79	36.666666666666664	47.82608695652174	41.50943396226415
0.8	36.666666666666664	47.82608695652174	41.50943396226415
0.81	36.666666666666664	47.82608695652174	41.50943396226415
0.8200000000000001	36.666666666666664	47.82608695652174	41.50943396226415
0.8300000000000001	36.666666666666664	47.82608695652174	41.50943396226415
0.84	33.333333333333336	45.45454545454545	38.46153846153847
0.85	33.333333333333336	45.45454545454545	38.46153846153847
0.86	33.333333333333336	45.45454545454545	38.46153846153847
0.87	33.333333333333336	45.45454545454545	38.46153846153847
0.88	30.0	42.857142857142854	35.29411764705882
0.89	30.0	45.0	36.0
0.9	30.0	47.36842105263158	36.73469387755102
0.91	30.0	47.36842105263158	36.73469387755102
0.92	30.0	50.0	37.5
0.93	26.666666666666668	47.05882352941177	34.04255319148936
0.9400000000000001	26.666666666666668	47.05882352941177	34.04255319148936
0.9500000000000001	26.666666666666668	50.0	34.78260869565218
0.96	26.666666666666668	50.0	34.78260869565218
0.97	26.666666666666668	53.333333333333336	35.55555555555556
0.98	26.666666666666668	57.142857142857146	36.36363636363637
0.99	23.333333333333332	53.84615384615385	32.558139534883715
1.0	23.333333333333332	53.84615384615385	32.558139534883715
