0	0	20
0	0	20
0	0	20
0	0	20
0	0	20
0	0	20
0	0	20
0	0	20
0	0	20
0	0	20
0	0	20
0	0	20
0	0	20
0	0	20
0	0	20
0	0	20
0	0	20
0	0	20
0	0	20
0	0	20
0	0	20
0	0	20
0	0	20
0	0	20
0	0	20
0	0	20
0	0	20
0	0	20
0	0	20
0	0	20
0	0	20
0	0	20
0	0	20
0	0	20
0	0	20
0	0	20
0	0	20
0	0	20
0	0	20
0	0	20
1	0	19
2	0	18
2	0	18
3	0	17
3	0	17
3	0	17
3	0	17
3	0	17
4	0	16
4	0	16
4	0	16
4	0	16
4	0	16
5	0	15
5	0	15
5	0	15
5	0	15
6	0	14
6	0	14
6	0	14
6	0	14
6	0	14
6	0	14
6	0	14
6	0	14
6	0	14
6	0	14
7	0	13
7	0	13
7	0	13
7	0	13
7	0	13
7	0	13
8	0	12
8	0	12
8	0	12
9	0	11
10	0	10
10	0	10
10	0	10
10	0	10
11	0	9
11	0	9
11	0	9
11	0	9
12	0	8
12	0	8
12	0	8
13	0	7
13	0	7
13	0	7
13	0	7
13	0	7
13	0	7
13	0	7
13	0	7
14	0	6
14	0	6
14	0	6
14	0	6
14	0	6
