0.0	62.5	100.0	76.92307692307692
0.01	63.829787234042556	100.0	77.92207792207793
0.02	65.21739130434783	100.0	78.94736842105264
0.03	65.21739130434783	100.0	78.94736842105264
0.04	65.21739130434783	100.0	78.94736842105264
0.05	65.21739130434783	100.0	78.94736842105264
0.06	65.21739130434783	100.0	78.94736842105264
0.07	65.21739130434783	100.0	78.94736842105264
0.08	65.21739130434783	100.0	78.94736842105264
0.09	65.21739130434783	100.0	78.94736842105264
0.1	65.21739130434783	100.0	78.94736842105264
0.11	65.21739130434783	100.0	78.94736842105264
0.12	66.66666666666667	100.0	80.0
0.13	68.18181818181819	100.0	81.08108108108108
0.14	68.18181818181819	100.0	81.08108108108108
0.15	68.18181818181819	100.0	81.08108108108108
0.16	68.18181818181819	100.0	81.08108108108108
0.17	68.18181818181819	100.0	81.08108108108108
0.18	68.18181818181819	100.0	81.08108108108108
0.19	68.18181818181819	100.0	81.08108108108108
0.2	68.18181818181819	100.0	81.08108108108108
0.21	68.18181818181819	100.0	81.08108108108108
0.22	68.18181818181819	100.0	81.08108108108108
0.23	69.76744186046511	100.0	82.1917808219178
0.24	69.76744186046511	100.0	82.1917808219178
0.25	69.76744186046511	100.0	82.1917808219178
0.26	69.76744186046511	100.0	82.1917808219178
0.27	71.42857142857143	100.0	83.33333333333333
0.28	71.42857142857143	100.0	83.33333333333333
0.29	73.17073170731707	100.0	84.50704225352112
0.3	73.17073170731707	100.0	84.50704225352112
0.31	73.17073170731707	100.0	84.50704225352112
0.32	73.17073170731707	100.0	84.50704225352112
0.33	73.17073170731707	100.0	84.50704225352112
0.34	73.17073170731707	100.0	84.50704225352112
0.35000000000000003	73.17073170731707	100.0	84.50704225352112
0.36	73.17073170731707	100.0	84.50704225352112
0.37	72.5	96.66666666666667	82.85714285714286
0.38	72.5	96.66666666666667	82.85714285714286
0.39	72.5	96.66666666666667	82.85714285714286
0.4	71.05263157894737	90.0	79.41176470588235
0.41000000000000003	70.27027027027027	86.66666666666667	77.61194029850746
0.42	70.27027027027027	86.66666666666667	77.61194029850746
0.43	71.42857142857143	83.33333333333333	76.92307692307692
0.44	70.58823529411765	80.0	75.00000000000001
0.45	70.58823529411765	80.0	75.00000000000001
0.46	70.58823529411765	80.0	75.00000000000001
0.47000000000000003	70.58823529411765	80.0	75.00000000000001
0.48	69.6969696969697	76.66666666666667	73.01587301587303
0.49	68.75	73.33333333333333	70.96774193548387
0.5	70.96774193548387	73.33333333333333	72.13114754098359
0.51	70.96774193548387	73.33333333333333	72.13114754098359
0.52	70.96774193548387	73.33333333333333	72.13114754098359
0.53	70.0	70.0	70.0
0.54	72.41379310344827	70.0	71.1864406779661
0.55	72.41379310344827	70.0	71.1864406779661
0.56	72.41379310344827	70.0	71.1864406779661
0.5700000000000001	71.42857142857143	66.66666666666667	68.96551724137932
0.58	70.37037037037037	63.333333333333336	66.66666666666667
0.59	70.37037037037037	63.333333333333336	66.66666666666667
0.6	73.07692307692308	63.333333333333336	67.85714285714286
0.61	72.0	60.0	65.45454545454545
0.62	72.0	60.0	65.45454545454545
0.63	75.0	60.0	66.66666666666667
0.64	78.26086956521739	60.0	67.9245283018868
0.65	78.26086956521739	60.0	67.9245283018868
0.66	81.81818181818181	60.0	69.23076923076923
0.67	80.95238095238095	56.666666666666664	66.66666666666666
0.68	80.95238095238095	56.666666666666664	66.66666666666666
0.6900000000000001	80.95238095238095	56.666666666666664	66.66666666666666
0.7000000000000001	84.21052631578948	53.333333333333336	65.3061224489796
0.71	88.88888888888889	53.333333333333336	66.66666666666667
0.72	88.23529411764706	50.0	63.82978723404255
0.73	87.5	46.666666666666664	60.869565217391305
0.74	87.5	46.666666666666664	60.869565217391305
0.75	87.5	46.666666666666664	60.869565217391305
0.76	86.66666666666667	43.333333333333336	57.777777777777786
0.77	85.71428571428571	40.0	54.54545454545455
0.78	85.71428571428571	40.0	54.54545454545455
0.79	85.71428571428571	40.0	54.54545454545455
0.8	85.71428571428571	40.0	54.54545454545455
0.81	84.61538461538461	36.666666666666664	51.16279069767442
0.8200000000000001	84.61538461538461	36.666666666666664	51.16279069767442
0.8300000000000001	91.66666666666667	36.666666666666664	52.38095238095237
0.84	91.66666666666667	36.666666666666664	52.38095238095237
0.85	90.9090909090909	33.333333333333336	48.78048780487805
0.86	90.9090909090909	33.333333333333336	48.78048780487805
0.87	90.9090909090909	33.333333333333336	48.78048780487805
0.88	90.0	30.0	45.0
0.89	88.88888888888889	26.666666666666668	41.02564102564103
0.9	88.88888888888889	26.666666666666668	41.02564102564103
0.91	88.88888888888889	26.666666666666668	41.02564102564103
0.92	88.88888888888889	26.666666666666668	41.02564102564103
0.93	88.88888888888889	26.666666666666668	41.02564102564103
0.9400000000000001	88.88888888888889	26.666666666666668	41.02564102564103
0.9500000000000001	88.88888888888889	26.666666666666668	41.02564102564103
0.96	87.5	23.333333333333332	36.84210526315789
0.97	87.5	23.333333333333332	36.84210526315789
0.98	87.5	23.333333333333332	36.84210526315789
0.99	87.5	23.333333333333332	36.84210526315789
1.0	87.5	23.333333333333332	36.84210526315789
