0	0	39
0	0	39
0	0	39
0	0	39
0	0	39
0	0	39
0	0	39
0	0	39
0	0	39
0	0	39
0	0	39
0	0	39
0	0	39
0	0	39
0	0	39
0	0	39
0	0	39
0	0	39
0	0	39
0	0	39
0	0	39
0	0	39
0	0	39
0	0	39
0	0	39
0	0	39
0	0	39
0	0	39
0	0	39
0	0	39
0	0	39
0	0	39
0	0	39
0	0	39
0	0	39
0	0	39
0	0	39
0	0	39
0	0	39
0	0	39
0	0	39
0	0	39
0	0	39
0	0	39
0	0	39
0	0	39
0	0	39
0	0	39
0	0	39
0	0	39
0	0	39
0	0	39
0	0	39
0	0	39
1	0	38
3	0	36
3	0	36
3	0	36
3	0	36
3	0	36
4	0	35
4	0	35
4	0	35
4	0	35
4	0	35
4	0	35
5	0	34
5	0	34
7	0	32
7	0	32
7	0	32
8	0	31
8	0	31
8	0	31
8	0	31
8	0	31
10	0	29
10	0	29
10	0	29
11	0	28
11	0	28
11	0	28
12	0	27
12	0	27
13	0	26
14	0	25
14	0	25
14	0	25
14	0	25
15	0	24
15	0	24
17	0	22
17	0	22
18	0	21
19	0	20
19	0	20
19	0	20
19	0	20
19	0	20
19	0	20
21	0	18
