0.0	80.3030303030303	100.0	89.07563025210084
0.01	80.3030303030303	100.0	89.07563025210084
0.02	80.3030303030303	100.0	89.07563025210084
0.03	81.53846153846153	100.0	89.83050847457626
0.04	81.53846153846153	100.0	89.83050847457626
0.05	81.53846153846153	100.0	89.83050847457626
0.06	81.53846153846153	100.0	89.83050847457626
0.07	81.53846153846153	100.0	89.83050847457626
0.08	81.53846153846153	100.0	89.83050847457626
0.09	81.53846153846153	100.0	89.83050847457626
0.1	81.53846153846153	100.0	89.83050847457626
0.11	81.53846153846153	100.0	89.83050847457626
0.12	82.8125	100.0	90.5982905982906
0.13	82.8125	100.0	90.5982905982906
0.14	82.8125	100.0	90.5982905982906
0.15	82.8125	100.0	90.5982905982906
0.16	82.8125	100.0	90.5982905982906
0.17	82.8125	100.0	90.5982905982906
0.18	82.8125	100.0	90.5982905982906
0.19	82.8125	100.0	90.5982905982906
0.2	82.8125	100.0	90.5982905982906
0.21	82.8125	100.0	90.5982905982906
0.22	82.8125	100.0	90.5982905982906
0.23	82.8125	100.0	90.5982905982906
0.24	82.8125	100.0	90.5982905982906
0.25	82.8125	100.0	90.5982905982906
0.26	82.8125	100.0	90.5982905982906
0.27	82.8125	100.0	90.5982905982906
0.28	82.8125	100.0	90.5982905982906
0.29	82.8125	100.0	90.5982905982906
0.3	82.8125	100.0	90.5982905982906
0.31	82.8125	100.0	90.5982905982906
0.32	82.8125	100.0	90.5982905982906
0.33	82.53968253968254	98.11320754716981	89.65517241379311
0.34	82.53968253968254	98.11320754716981	89.65517241379311
0.35000000000000003	82.53968253968254	98.11320754716981	89.65517241379311
0.36	82.53968253968254	98.11320754716981	89.65517241379311
0.37	82.53968253968254	98.11320754716981	89.65517241379311
0.38	82.53968253968254	98.11320754716981	89.65517241379311
0.39	82.25806451612904	96.22641509433963	88.69565217391305
0.4	82.25806451612904	96.22641509433963	88.69565217391305
0.41000000000000003	81.9672131147541	94.33962264150944	87.71929824561404
0.42	81.66666666666667	92.45283018867924	86.72566371681417
0.43	81.66666666666667	92.45283018867924	86.72566371681417
0.44	81.66666666666667	92.45283018867924	86.72566371681417
0.45	81.66666666666667	92.45283018867924	86.72566371681417
0.46	81.66666666666667	92.45283018867924	86.72566371681417
0.47000000000000003	81.66666666666667	92.45283018867924	86.72566371681417
0.48	80.70175438596492	86.79245283018868	83.63636363636364
0.49	80.70175438596492	86.79245283018868	83.63636363636364
0.5	80.35714285714286	84.90566037735849	82.56880733944953
0.51	80.35714285714286	84.90566037735849	82.56880733944953
0.52	80.35714285714286	84.90566037735849	82.56880733944953
0.53	81.48148148148148	83.01886792452831	82.24299065420561
0.54	81.48148148148148	83.01886792452831	82.24299065420561
0.55	81.13207547169812	81.13207547169812	81.13207547169812
0.56	81.13207547169812	81.13207547169812	81.13207547169812
0.5700000000000001	80.76923076923077	79.24528301886792	80.0
0.58	80.0	75.47169811320755	77.66990291262137
0.59	81.63265306122449	75.47169811320755	78.4313725490196
0.6	81.63265306122449	75.47169811320755	78.4313725490196
0.61	81.63265306122449	75.47169811320755	78.4313725490196
0.62	81.63265306122449	75.47169811320755	78.4313725490196
0.63	82.97872340425532	73.58490566037736	78.00000000000001
0.64	82.6086956521739	71.69811320754717	76.76767676767678
0.65	82.6086956521739	71.69811320754717	76.76767676767678
0.66	82.6086956521739	71.69811320754717	76.76767676767678
0.67	84.44444444444444	71.69811320754717	77.55102040816327
0.68	86.04651162790698	69.81132075471699	77.08333333333334
0.6900000000000001	86.04651162790698	69.81132075471699	77.08333333333334
0.7000000000000001	85.71428571428571	67.9245283018868	75.78947368421053
0.71	85.71428571428571	67.9245283018868	75.78947368421053
0.72	87.8048780487805	67.9245283018868	76.59574468085107
0.73	89.74358974358974	66.0377358490566	76.08695652173913
0.74	89.47368421052632	64.15094339622641	74.72527472527473
0.75	88.57142857142857	58.490566037735846	70.45454545454545
0.76	88.57142857142857	58.490566037735846	70.45454545454545
0.77	90.9090909090909	56.60377358490566	69.76744186046511
0.78	90.9090909090909	56.60377358490566	69.76744186046511
0.79	90.9090909090909	56.60377358490566	69.76744186046511
0.8	90.9090909090909	56.60377358490566	69.76744186046511
0.81	90.9090909090909	56.60377358490566	69.76744186046511
0.8200000000000001	93.75	56.60377358490566	70.58823529411765
0.8300000000000001	93.33333333333333	52.83018867924528	67.46987951807229
0.84	96.42857142857143	50.943396226415096	66.66666666666667
0.85	96.29629629629629	49.056603773584904	64.99999999999999
0.86	96.0	45.283018867924525	61.53846153846155
0.87	96.0	45.283018867924525	61.53846153846155
0.88	95.83333333333333	43.39622641509434	59.74025974025974
0.89	95.83333333333333	43.39622641509434	59.74025974025974
0.9	95.65217391304348	41.509433962264154	57.89473684210526
0.91	95.45454545454545	39.62264150943396	56.0
0.92	95.0	35.84905660377358	52.05479452054794
0.93	94.44444444444444	32.075471698113205	47.88732394366197
0.9400000000000001	94.44444444444444	32.075471698113205	47.88732394366197
0.9500000000000001	94.11764705882354	30.18867924528302	45.71428571428571
0.96	94.11764705882354	30.18867924528302	45.71428571428571
0.97	94.11764705882354	30.18867924528302	45.71428571428571
0.98	94.11764705882354	30.18867924528302	45.71428571428571
0.99	94.11764705882354	30.18867924528302	45.71428571428571
1.0	93.75	28.30188679245283	43.47826086956522
