0.0	100.0	80.3030303030303	89.07563025210084
0.01	100.0	80.3030303030303	89.07563025210084
0.02	100.0	80.3030303030303	89.07563025210084
0.03	100.0	80.3030303030303	89.07563025210084
0.04	100.0	80.3030303030303	89.07563025210084
0.05	100.0	80.3030303030303	89.07563025210084
0.06	100.0	80.3030303030303	89.07563025210084
0.07	100.0	80.3030303030303	89.07563025210084
0.08	100.0	80.3030303030303	89.07563025210084
0.09	100.0	80.3030303030303	89.07563025210084
0.1	100.0	80.3030303030303	89.07563025210084
0.11	100.0	80.3030303030303	89.07563025210084
0.12	100.0	80.3030303030303	89.07563025210084
0.13	100.0	80.3030303030303	89.07563025210084
0.14	100.0	80.3030303030303	89.07563025210084
0.15	100.0	80.3030303030303	89.07563025210084
0.16	100.0	80.3030303030303	89.07563025210084
0.17	100.0	80.3030303030303	89.07563025210084
0.18	100.0	80.3030303030303	89.07563025210084
0.19	100.0	80.3030303030303	89.07563025210084
0.2	100.0	80.3030303030303	89.07563025210084
0.21	100.0	80.3030303030303	89.07563025210084
0.22	100.0	80.3030303030303	89.07563025210084
0.23	100.0	80.3030303030303	89.07563025210084
0.24	100.0	81.53846153846153	89.83050847457626
0.25	100.0	81.53846153846153	89.83050847457626
0.26	100.0	81.53846153846153	89.83050847457626
0.27	100.0	81.53846153846153	89.83050847457626
0.28	100.0	81.53846153846153	89.83050847457626
0.29	100.0	81.53846153846153	89.83050847457626
0.3	100.0	81.53846153846153	89.83050847457626
0.31	100.0	81.53846153846153	89.83050847457626
0.32	100.0	81.53846153846153	89.83050847457626
0.33	100.0	81.53846153846153	89.83050847457626
0.34	100.0	81.53846153846153	89.83050847457626
0.35000000000000003	100.0	81.53846153846153	89.83050847457626
0.36	100.0	81.53846153846153	89.83050847457626
0.37	100.0	81.53846153846153	89.83050847457626
0.38	100.0	81.53846153846153	89.83050847457626
0.39	100.0	81.53846153846153	89.83050847457626
0.4	100.0	81.53846153846153	89.83050847457626
0.41000000000000003	100.0	81.53846153846153	89.83050847457626
0.42	100.0	81.53846153846153	89.83050847457626
0.43	100.0	81.53846153846153	89.83050847457626
0.44	100.0	81.53846153846153	89.83050847457626
0.45	100.0	81.53846153846153	89.83050847457626
0.46	100.0	81.53846153846153	89.83050847457626
0.47000000000000003	100.0	81.53846153846153	89.83050847457626
0.48	100.0	81.53846153846153	89.83050847457626
0.49	98.11320754716981	81.25	88.8888888888889
0.5	98.11320754716981	81.25	88.8888888888889
0.51	98.11320754716981	83.87096774193549	90.43478260869566
0.52	98.11320754716981	83.87096774193549	90.43478260869566
0.53	98.11320754716981	83.87096774193549	90.43478260869566
0.54	96.22641509433963	83.60655737704919	89.47368421052632
0.55	92.45283018867924	84.48275862068965	88.28828828828829
0.56	92.45283018867924	85.96491228070175	89.0909090909091
0.5700000000000001	90.56603773584905	85.71428571428571	88.07339449541286
0.58	90.56603773584905	87.27272727272727	88.88888888888887
0.59	90.56603773584905	87.27272727272727	88.88888888888887
0.6	88.67924528301887	87.03703703703704	87.85046728971963
0.61	88.67924528301887	88.67924528301887	88.67924528301887
0.62	88.67924528301887	90.38461538461539	89.52380952380953
0.63	86.79245283018868	92.0	89.32038834951457
0.64	86.79245283018868	92.0	89.32038834951457
0.65	86.79245283018868	92.0	89.32038834951457
0.66	83.01886792452831	91.66666666666667	87.12871287128712
0.67	83.01886792452831	91.66666666666667	87.12871287128712
0.68	77.35849056603773	91.11111111111111	83.6734693877551
0.6900000000000001	77.35849056603773	91.11111111111111	83.6734693877551
0.7000000000000001	77.35849056603773	91.11111111111111	83.6734693877551
0.71	73.58490566037736	92.85714285714286	82.10526315789474
0.72	73.58490566037736	92.85714285714286	82.10526315789474
0.73	73.58490566037736	92.85714285714286	82.10526315789474
0.74	73.58490566037736	92.85714285714286	82.10526315789474
0.75	73.58490566037736	92.85714285714286	82.10526315789474
0.76	69.81132075471699	92.5	79.56989247311829
0.77	69.81132075471699	92.5	79.56989247311829
0.78	69.81132075471699	92.5	79.56989247311829
0.79	67.9245283018868	92.3076923076923	78.26086956521739
0.8	66.0377358490566	92.10526315789474	76.92307692307692
0.81	66.0377358490566	92.10526315789474	76.92307692307692
0.8200000000000001	64.15094339622641	91.89189189189189	75.55555555555556
0.8300000000000001	64.15094339622641	91.89189189189189	75.55555555555556
0.84	62.264150943396224	91.66666666666667	74.15730337078652
0.85	60.37735849056604	91.42857142857143	72.72727272727272
0.86	60.37735849056604	91.42857142857143	72.72727272727272
0.87	58.490566037735846	91.17647058823529	71.26436781609195
0.88	58.490566037735846	91.17647058823529	71.26436781609195
0.89	56.60377358490566	90.9090909090909	69.76744186046511
0.9	56.60377358490566	90.9090909090909	69.76744186046511
0.91	52.83018867924528	90.3225806451613	66.66666666666667
0.92	50.943396226415096	90.0	65.06024096385542
0.93	49.056603773584904	89.65517241379311	63.41463414634146
0.9400000000000001	47.16981132075472	89.28571428571429	61.7283950617284
0.9500000000000001	47.16981132075472	89.28571428571429	61.7283950617284
0.96	47.16981132075472	89.28571428571429	61.7283950617284
0.97	47.16981132075472	89.28571428571429	61.7283950617284
0.98	47.16981132075472	89.28571428571429	61.7283950617284
0.99	45.283018867924525	88.88888888888889	59.99999999999999
1.0	41.509433962264154	88.0	56.410256410256416
