0.0	98.11320754716981	80.0	88.13559322033899
0.01	98.11320754716981	80.0	88.13559322033899
0.02	98.11320754716981	80.0	88.13559322033899
0.03	98.11320754716981	80.0	88.13559322033899
0.04	98.11320754716981	80.0	88.13559322033899
0.05	98.11320754716981	80.0	88.13559322033899
0.06	98.11320754716981	80.0	88.13559322033899
0.07	98.11320754716981	80.0	88.13559322033899
0.08	98.11320754716981	80.0	88.13559322033899
0.09	98.11320754716981	80.0	88.13559322033899
0.1	98.11320754716981	80.0	88.13559322033899
0.11	98.11320754716981	80.0	88.13559322033899
0.12	98.11320754716981	80.0	88.13559322033899
0.13	98.11320754716981	80.0	88.13559322033899
0.14	98.11320754716981	80.0	88.13559322033899
0.15	98.11320754716981	80.0	88.13559322033899
0.16	98.11320754716981	80.0	88.13559322033899
0.17	98.11320754716981	80.0	88.13559322033899
0.18	98.11320754716981	80.0	88.13559322033899
0.19	98.11320754716981	80.0	88.13559322033899
0.2	98.11320754716981	80.0	88.13559322033899
0.21	98.11320754716981	80.0	88.13559322033899
0.22	98.11320754716981	80.0	88.13559322033899
0.23	98.11320754716981	80.0	88.13559322033899
0.24	98.11320754716981	80.0	88.13559322033899
0.25	98.11320754716981	80.0	88.13559322033899
0.26	98.11320754716981	80.0	88.13559322033899
0.27	98.11320754716981	80.0	88.13559322033899
0.28	98.11320754716981	81.25	88.8888888888889
0.29	98.11320754716981	81.25	88.8888888888889
0.3	98.11320754716981	81.25	88.8888888888889
0.31	96.22641509433963	80.95238095238095	87.93103448275862
0.32	96.22641509433963	80.95238095238095	87.93103448275862
0.33	94.33962264150944	80.64516129032258	86.95652173913044
0.34	94.33962264150944	80.64516129032258	86.95652173913044
0.35000000000000003	94.33962264150944	80.64516129032258	86.95652173913044
0.36	94.33962264150944	80.64516129032258	86.95652173913044
0.37	94.33962264150944	80.64516129032258	86.95652173913044
0.38	94.33962264150944	80.64516129032258	86.95652173913044
0.39	94.33962264150944	80.64516129032258	86.95652173913044
0.4	94.33962264150944	80.64516129032258	86.95652173913044
0.41000000000000003	94.33962264150944	80.64516129032258	86.95652173913044
0.42	94.33962264150944	80.64516129032258	86.95652173913044
0.43	94.33962264150944	80.64516129032258	86.95652173913044
0.44	94.33962264150944	80.64516129032258	86.95652173913044
0.45	94.33962264150944	81.9672131147541	87.71929824561404
0.46	94.33962264150944	81.9672131147541	87.71929824561404
0.47000000000000003	94.33962264150944	81.9672131147541	87.71929824561404
0.48	94.33962264150944	81.9672131147541	87.71929824561404
0.49	92.45283018867924	81.66666666666667	86.72566371681417
0.5	92.45283018867924	81.66666666666667	86.72566371681417
0.51	92.45283018867924	81.66666666666667	86.72566371681417
0.52	92.45283018867924	81.66666666666667	86.72566371681417
0.53	92.45283018867924	81.66666666666667	86.72566371681417
0.54	88.67924528301887	81.03448275862068	84.68468468468467
0.55	88.67924528301887	81.03448275862068	84.68468468468467
0.56	88.67924528301887	81.03448275862068	84.68468468468467
0.5700000000000001	86.79245283018868	82.14285714285714	84.40366972477064
0.58	84.90566037735849	81.81818181818181	83.33333333333333
0.59	84.90566037735849	81.81818181818181	83.33333333333333
0.6	84.90566037735849	81.81818181818181	83.33333333333333
0.61	81.13207547169812	82.6923076923077	81.90476190476191
0.62	81.13207547169812	82.6923076923077	81.90476190476191
0.63	79.24528301886792	82.3529411764706	80.76923076923077
0.64	79.24528301886792	84.0	81.55339805825243
0.65	77.35849056603773	83.6734693877551	80.3921568627451
0.66	77.35849056603773	83.6734693877551	80.3921568627451
0.67	71.69811320754717	82.6086956521739	76.76767676767678
0.68	71.69811320754717	82.6086956521739	76.76767676767678
0.6900000000000001	71.69811320754717	84.44444444444444	77.55102040816327
0.7000000000000001	71.69811320754717	84.44444444444444	77.55102040816327
0.71	71.69811320754717	84.44444444444444	77.55102040816327
0.72	71.69811320754717	84.44444444444444	77.55102040816327
0.73	71.69811320754717	84.44444444444444	77.55102040816327
0.74	69.81132075471699	84.0909090909091	76.28865979381443
0.75	67.9245283018868	83.72093023255815	75.0
0.76	67.9245283018868	83.72093023255815	75.0
0.77	67.9245283018868	83.72093023255815	75.0
0.78	66.0377358490566	83.33333333333333	73.68421052631578
0.79	66.0377358490566	83.33333333333333	73.68421052631578
0.8	64.15094339622641	82.92682926829268	72.34042553191487
0.81	64.15094339622641	82.92682926829268	72.34042553191487
0.8200000000000001	62.264150943396224	84.61538461538461	71.73913043478261
0.8300000000000001	62.264150943396224	84.61538461538461	71.73913043478261
0.84	60.37735849056604	84.21052631578948	70.32967032967032
0.85	58.490566037735846	83.78378378378379	68.88888888888889
0.86	56.60377358490566	83.33333333333333	67.41573033707866
0.87	56.60377358490566	83.33333333333333	67.41573033707866
0.88	56.60377358490566	83.33333333333333	67.41573033707866
0.89	54.716981132075475	82.85714285714286	65.90909090909092
0.9	50.943396226415096	81.81818181818181	62.7906976744186
0.91	50.943396226415096	84.375	63.52941176470588
0.92	50.943396226415096	87.09677419354838	64.28571428571429
0.93	49.056603773584904	89.65517241379311	63.41463414634146
0.9400000000000001	47.16981132075472	89.28571428571429	61.7283950617284
0.9500000000000001	47.16981132075472	92.5925925925926	62.49999999999999
0.96	47.16981132075472	92.5925925925926	62.49999999999999
0.97	47.16981132075472	92.5925925925926	62.49999999999999
0.98	43.39622641509434	95.83333333333333	59.74025974025974
0.99	41.509433962264154	95.65217391304348	57.89473684210526
1.0	41.509433962264154	100.0	58.66666666666667
