1	0	38
1	0	38
1	0	38
1	0	38
1	0	38
1	0	38
1	0	38
1	0	38
1	0	38
1	0	38
1	0	38
1	0	38
1	0	38
1	0	38
1	0	38
1	0	38
1	0	38
1	0	38
1	0	38
1	0	38
1	0	38
1	0	38
1	0	38
1	0	38
1	0	38
1	0	38
1	0	38
1	0	38
1	0	38
1	0	38
1	0	38
2	0	37
2	0	37
3	0	36
3	0	36
3	0	36
3	0	36
3	0	36
3	0	36
3	0	36
3	0	36
3	0	36
3	0	36
3	0	36
3	0	36
3	0	36
3	0	36
3	0	36
3	0	36
3	0	36
3	0	36
3	0	36
3	0	36
3	0	36
5	0	34
5	0	34
5	0	34
5	0	34
6	0	33
6	0	33
6	0	33
7	0	32
7	0	32
7	0	32
7	0	32
8	0	31
8	0	31
10	0	29
10	0	29
10	0	29
10	0	29
10	0	29
10	0	29
10	0	29
11	0	28
11	0	28
11	0	28
11	0	28
11	0	28
11	0	28
11	0	28
11	0	28
11	0	28
11	0	28
11	0	28
12	0	27
13	0	26
13	0	26
13	0	26
14	0	25
16	0	23
16	0	23
16	0	23
17	0	22
18	0	21
18	0	21
18	0	21
18	0	21
20	0	19
21	0	18
21	0	18
