0.0 100.0 80.3030303030303 89.07563025210084
0.01 100.0 80.3030303030303 89.07563025210084
0.02 100.0 80.3030303030303 89.07563025210084
0.03 100.0 80.3030303030303 89.07563025210084
0.04 100.0 80.3030303030303 89.07563025210084
0.05 100.0 80.3030303030303 89.07563025210084
0.06 100.0 80.3030303030303 89.07563025210084
0.07 100.0 80.3030303030303 89.07563025210084
0.08 100.0 80.3030303030303 89.07563025210084
0.09 100.0 80.3030303030303 89.07563025210084
0.1 100.0 80.3030303030303 89.07563025210084
0.11 100.0 80.3030303030303 89.07563025210084
0.12 100.0 80.3030303030303 89.07563025210084
0.13 100.0 80.3030303030303 89.07563025210084
0.14 100.0 80.3030303030303 89.07563025210084
0.15 100.0 80.3030303030303 89.07563025210084
0.16 100.0 80.3030303030303 89.07563025210084
0.17 100.0 80.3030303030303 89.07563025210084
0.18 100.0 80.3030303030303 89.07563025210084
0.19 100.0 80.3030303030303 89.07563025210084
0.2 100.0 80.3030303030303 89.07563025210084
0.21 100.0 80.3030303030303 89.07563025210084
0.22 100.0 80.3030303030303 89.07563025210084
0.23 100.0 80.3030303030303 89.07563025210084
0.24 100.0 80.3030303030303 89.07563025210084
0.25 100.0 80.3030303030303 89.07563025210084
0.26 100.0 80.3030303030303 89.07563025210084
0.27 100.0 80.3030303030303 89.07563025210084
0.28 100.0 80.3030303030303 89.07563025210084
0.29 100.0 80.3030303030303 89.07563025210084
0.3 100.0 80.3030303030303 89.07563025210084
0.31 100.0 81.53846153846153 89.83050847457626
0.32 100.0 81.53846153846153 89.83050847457626
0.33 100.0 81.53846153846153 89.83050847457626
0.34 100.0 81.53846153846153 89.83050847457626
0.35000000000000003 100.0 81.53846153846153 89.83050847457626
0.36 100.0 81.53846153846153 89.83050847457626
0.37 100.0 81.53846153846153 89.83050847457626
0.38 100.0 81.53846153846153 89.83050847457626
0.39 100.0 81.53846153846153 89.83050847457626
0.4 96.22641509433963 82.25806451612904 88.69565217391305
0.41000000000000003 94.33962264150944 81.9672131147541 87.71929824561404
0.42 94.33962264150944 81.9672131147541 87.71929824561404
0.43 94.33962264150944 81.9672131147541 87.71929824561404
0.44 94.33962264150944 81.9672131147541 87.71929824561404
0.45 94.33962264150944 81.9672131147541 87.71929824561404
0.46 94.33962264150944 81.9672131147541 87.71929824561404
0.47000000000000003 94.33962264150944 81.9672131147541 87.71929824561404
0.48 94.33962264150944 81.9672131147541 87.71929824561404
0.49 94.33962264150944 81.9672131147541 87.71929824561404
0.5 92.45283018867924 81.66666666666667 86.72566371681417
0.51 92.45283018867924 81.66666666666667 86.72566371681417
0.52 92.45283018867924 81.66666666666667 86.72566371681417
0.53 92.45283018867924 81.66666666666667 86.72566371681417
0.54 90.56603773584905 81.35593220338983 85.71428571428572
0.55 90.56603773584905 81.35593220338983 85.71428571428572
0.56 90.56603773584905 82.75862068965517 86.48648648648648
0.5700000000000001 90.56603773584905 82.75862068965517 86.48648648648648
0.58 88.67924528301887 82.45614035087719 85.45454545454545
0.59 88.67924528301887 82.45614035087719 85.45454545454545
0.6 84.90566037735849 81.81818181818181 83.33333333333333
0.61 79.24528301886792 80.76923076923077 80.0
0.62 79.24528301886792 80.76923076923077 80.0
0.63 79.24528301886792 84.0 81.55339805825243
0.64 79.24528301886792 84.0 81.55339805825243
0.65 79.24528301886792 84.0 81.55339805825243
0.66 77.35849056603773 83.6734693877551 80.3921568627451
0.67 73.58490566037736 82.97872340425532 78.00000000000001
0.68 73.58490566037736 84.78260869565217 78.7878787878788
0.6900000000000001 71.69811320754717 86.36363636363636 78.35051546391752
0.7000000000000001 69.81132075471699 86.04651162790698 77.08333333333334
0.71 69.81132075471699 86.04651162790698 77.08333333333334
0.72 67.9245283018868 85.71428571428571 75.78947368421053
0.73 67.9245283018868 85.71428571428571 75.78947368421053
0.74 67.9245283018868 87.8048780487805 76.59574468085107
0.75 62.264150943396224 86.84210526315789 72.52747252747251
0.76 60.37735849056604 86.48648648648648 71.11111111111111
0.77 60.37735849056604 86.48648648648648 71.11111111111111
0.78 60.37735849056604 86.48648648648648 71.11111111111111
0.79 60.37735849056604 86.48648648648648 71.11111111111111
0.8 60.37735849056604 88.88888888888889 71.91011235955058
0.81 58.490566037735846 88.57142857142857 70.45454545454545
0.8200000000000001 56.60377358490566 88.23529411764706 68.9655172413793
0.8300000000000001 56.60377358490566 88.23529411764706 68.9655172413793
0.84 54.716981132075475 87.87878787878788 67.44186046511626
0.85 54.716981132075475 87.87878787878788 67.44186046511626
0.86 54.716981132075475 87.87878787878788 67.44186046511626
0.87 54.716981132075475 90.625 68.23529411764706
0.88 49.056603773584904 89.65517241379311 63.41463414634146
0.89 49.056603773584904 89.65517241379311 63.41463414634146
0.9 49.056603773584904 89.65517241379311 63.41463414634146
0.91 49.056603773584904 89.65517241379311 63.41463414634146
0.92 49.056603773584904 89.65517241379311 63.41463414634146
0.93 47.16981132075472 89.28571428571429 61.7283950617284
0.9400000000000001 43.39622641509434 88.46153846153847 58.22784810126582
0.9500000000000001 43.39622641509434 88.46153846153847 58.22784810126582
0.96 41.509433962264154 88.0 56.410256410256416
0.97 41.509433962264154 88.0 56.410256410256416
0.98 41.509433962264154 88.0 56.410256410256416
0.99 37.735849056603776 86.95652173913044 52.63157894736843
1.0 37.735849056603776 86.95652173913044 52.63157894736843
