0	0	39
0	0	39
0	0	39
0	0	39
0	0	39
0	0	39
0	0	39
0	0	39
0	0	39
0	0	39
0	0	39
0	0	39
0	0	39
0	0	39
0	0	39
0	0	39
0	0	39
0	0	39
0	0	39
0	0	39
0	0	39
0	0	39
0	0	39
0	0	39
0	0	39
0	0	39
0	0	39
0	0	39
0	0	39
0	0	39
0	0	39
0	0	39
0	0	39
0	0	39
0	0	39
0	0	39
0	0	39
0	0	39
0	0	39
1	0	38
1	0	38
2	0	37
3	0	36
3	0	36
3	0	36
3	0	36
3	0	36
3	0	36
5	0	34
5	0	34
6	0	33
6	0	33
6	0	33
7	0	32
7	0	32
8	0	31
8	0	31
9	0	30
9	0	30
9	0	30
9	0	30
9	0	30
9	0	30
10	0	29
10	0	29
10	0	29
10	0	29
10	0	29
10	0	29
10	0	29
11	0	28
11	0	28
11	0	28
11	0	28
12	0	27
15	0	24
15	0	24
16	0	23
16	0	23
16	0	23
16	0	23
16	0	23
16	0	23
18	0	21
18	0	21
18	0	21
19	0	20
19	0	20
20	0	19
20	0	19
21	0	18
22	0	17
23	0	16
24	0	15
24	0	15
25	0	14
25	0	14
25	0	14
25	0	14
25	0	14
26	0	13
