0.0 100.0 80.3030303030303 89.07563025210084
0.01 100.0 80.3030303030303 89.07563025210084
0.02 100.0 80.3030303030303 89.07563025210084
0.03 100.0 80.3030303030303 89.07563025210084
0.04 100.0 80.3030303030303 89.07563025210084
0.05 100.0 80.3030303030303 89.07563025210084
0.06 100.0 80.3030303030303 89.07563025210084
0.07 100.0 80.3030303030303 89.07563025210084
0.08 100.0 80.3030303030303 89.07563025210084
0.09 100.0 80.3030303030303 89.07563025210084
0.1 100.0 80.3030303030303 89.07563025210084
0.11 100.0 80.3030303030303 89.07563025210084
0.12 100.0 80.3030303030303 89.07563025210084
0.13 100.0 80.3030303030303 89.07563025210084
0.14 100.0 80.3030303030303 89.07563025210084
0.15 100.0 80.3030303030303 89.07563025210084
0.16 100.0 80.3030303030303 89.07563025210084
0.17 100.0 80.3030303030303 89.07563025210084
0.18 100.0 80.3030303030303 89.07563025210084
0.19 100.0 80.3030303030303 89.07563025210084
0.2 100.0 80.3030303030303 89.07563025210084
0.21 100.0 80.3030303030303 89.07563025210084
0.22 100.0 80.3030303030303 89.07563025210084
0.23 100.0 80.3030303030303 89.07563025210084
0.24 100.0 80.3030303030303 89.07563025210084
0.25 100.0 80.3030303030303 89.07563025210084
0.26 100.0 80.3030303030303 89.07563025210084
0.27 100.0 80.3030303030303 89.07563025210084
0.28 100.0 81.53846153846153 89.83050847457626
0.29 100.0 81.53846153846153 89.83050847457626
0.3 100.0 81.53846153846153 89.83050847457626
0.31 100.0 81.53846153846153 89.83050847457626
0.32 100.0 81.53846153846153 89.83050847457626
0.33 100.0 81.53846153846153 89.83050847457626
0.34 100.0 81.53846153846153 89.83050847457626
0.35000000000000003 100.0 81.53846153846153 89.83050847457626
0.36 100.0 81.53846153846153 89.83050847457626
0.37 100.0 81.53846153846153 89.83050847457626
0.38 100.0 81.53846153846153 89.83050847457626
0.39 100.0 81.53846153846153 89.83050847457626
0.4 100.0 81.53846153846153 89.83050847457626
0.41000000000000003 98.11320754716981 81.25 88.8888888888889
0.42 98.11320754716981 81.25 88.8888888888889
0.43 98.11320754716981 81.25 88.8888888888889
0.44 98.11320754716981 81.25 88.8888888888889
0.45 98.11320754716981 81.25 88.8888888888889
0.46 98.11320754716981 81.25 88.8888888888889
0.47000000000000003 98.11320754716981 81.25 88.8888888888889
0.48 98.11320754716981 81.25 88.8888888888889
0.49 96.22641509433963 80.95238095238095 87.93103448275862
0.5 96.22641509433963 82.25806451612904 88.69565217391305
0.51 96.22641509433963 82.25806451612904 88.69565217391305
0.52 96.22641509433963 82.25806451612904 88.69565217391305
0.53 96.22641509433963 82.25806451612904 88.69565217391305
0.54 96.22641509433963 82.25806451612904 88.69565217391305
0.55 94.33962264150944 81.9672131147541 87.71929824561404
0.56 92.45283018867924 83.05084745762711 87.5
0.5700000000000001 92.45283018867924 83.05084745762711 87.5
0.58 90.56603773584905 82.75862068965517 86.48648648648648
0.59 90.56603773584905 82.75862068965517 86.48648648648648
0.6 90.56603773584905 82.75862068965517 86.48648648648648
0.61 88.67924528301887 82.45614035087719 85.45454545454545
0.62 88.67924528301887 82.45614035087719 85.45454545454545
0.63 88.67924528301887 82.45614035087719 85.45454545454545
0.64 88.67924528301887 82.45614035087719 85.45454545454545
0.65 86.79245283018868 82.14285714285714 84.40366972477064
0.66 83.01886792452831 83.01886792452831 83.01886792452831
0.67 83.01886792452831 84.61538461538461 83.80952380952381
0.68 83.01886792452831 84.61538461538461 83.80952380952381
0.6900000000000001 83.01886792452831 84.61538461538461 83.80952380952381
0.7000000000000001 83.01886792452831 84.61538461538461 83.80952380952381
0.71 83.01886792452831 84.61538461538461 83.80952380952381
0.72 83.01886792452831 84.61538461538461 83.80952380952381
0.73 79.24528301886792 84.0 81.55339805825243
0.74 79.24528301886792 84.0 81.55339805825243
0.75 79.24528301886792 85.71428571428571 82.3529411764706
0.76 75.47169811320755 85.1063829787234 80.0
0.77 75.47169811320755 86.95652173913044 80.80808080808082
0.78 71.69811320754717 86.36363636363636 78.35051546391752
0.79 66.0377358490566 85.36585365853658 74.46808510638299
0.8 64.15094339622641 85.0 73.11827956989248
0.81 64.15094339622641 85.0 73.11827956989248
0.8200000000000001 64.15094339622641 85.0 73.11827956989248
0.8300000000000001 64.15094339622641 85.0 73.11827956989248
0.84 62.264150943396224 86.84210526315789 72.52747252747251
0.85 60.37735849056604 88.88888888888889 71.91011235955058
0.86 58.490566037735846 88.57142857142857 70.45454545454545
0.87 56.60377358490566 88.23529411764706 68.9655172413793
0.88 56.60377358490566 88.23529411764706 68.9655172413793
0.89 56.60377358490566 88.23529411764706 68.9655172413793
0.9 54.716981132075475 87.87878787878788 67.44186046511626
0.91 54.716981132075475 87.87878787878788 67.44186046511626
0.92 54.716981132075475 87.87878787878788 67.44186046511626
0.93 54.716981132075475 87.87878787878788 67.44186046511626
0.9400000000000001 52.83018867924528 87.5 65.88235294117646
0.9500000000000001 52.83018867924528 87.5 65.88235294117646
0.96 52.83018867924528 90.3225806451613 66.66666666666667
0.97 52.83018867924528 90.3225806451613 66.66666666666667
0.98 52.83018867924528 90.3225806451613 66.66666666666667
0.99 52.83018867924528 90.3225806451613 66.66666666666667
1.0 49.056603773584904 89.65517241379311 63.41463414634146
