0.0 100.0 86.66666666666667 92.85714285714286
0.01 100.0 86.66666666666667 92.85714285714286
0.02 100.0 86.66666666666667 92.85714285714286
0.03 100.0 86.66666666666667 92.85714285714286
0.04 100.0 86.66666666666667 92.85714285714286
0.05 100.0 86.66666666666667 92.85714285714286
0.06 100.0 86.66666666666667 92.85714285714286
0.07 100.0 86.66666666666667 92.85714285714286
0.08 100.0 86.66666666666667 92.85714285714286
0.09 100.0 86.66666666666667 92.85714285714286
0.1 100.0 86.66666666666667 92.85714285714286
0.11 100.0 86.66666666666667 92.85714285714286
0.12 100.0 86.66666666666667 92.85714285714286
0.13 100.0 86.66666666666667 92.85714285714286
0.14 100.0 86.66666666666667 92.85714285714286
0.15 100.0 86.66666666666667 92.85714285714286
0.16 100.0 86.66666666666667 92.85714285714286
0.17 100.0 86.66666666666667 92.85714285714286
0.18 100.0 86.66666666666667 92.85714285714286
0.19 100.0 86.66666666666667 92.85714285714286
0.2 100.0 86.66666666666667 92.85714285714286
0.21 100.0 86.66666666666667 92.85714285714286
0.22 100.0 86.66666666666667 92.85714285714286
0.23 100.0 86.66666666666667 92.85714285714286
0.24 100.0 86.66666666666667 92.85714285714286
0.25 100.0 86.66666666666667 92.85714285714286
0.26 100.0 86.66666666666667 92.85714285714286
0.27 100.0 86.66666666666667 92.85714285714286
0.28 100.0 86.66666666666667 92.85714285714286
0.29 100.0 86.66666666666667 92.85714285714286
0.3 100.0 86.66666666666667 92.85714285714286
0.31 100.0 86.66666666666667 92.85714285714286
0.32 92.3076923076923 85.71428571428571 88.88888888888889
0.33 92.3076923076923 85.71428571428571 88.88888888888889
0.34 84.61538461538461 84.61538461538461 84.61538461538461
0.35000000000000003 84.61538461538461 84.61538461538461 84.61538461538461
0.36 84.61538461538461 84.61538461538461 84.61538461538461
0.37 84.61538461538461 84.61538461538461 84.61538461538461
0.38 84.61538461538461 84.61538461538461 84.61538461538461
0.39 84.61538461538461 84.61538461538461 84.61538461538461
0.4 84.61538461538461 84.61538461538461 84.61538461538461
0.41000000000000003 84.61538461538461 84.61538461538461 84.61538461538461
0.42 84.61538461538461 84.61538461538461 84.61538461538461
0.43 84.61538461538461 84.61538461538461 84.61538461538461
0.44 80.76923076923077 84.0 82.3529411764706
0.45 80.76923076923077 84.0 82.3529411764706
0.46 80.76923076923077 84.0 82.3529411764706
0.47000000000000003 80.76923076923077 84.0 82.3529411764706
0.48 80.76923076923077 84.0 82.3529411764706
0.49 80.76923076923077 84.0 82.3529411764706
0.5 80.76923076923077 84.0 82.3529411764706
0.51 80.76923076923077 84.0 82.3529411764706
0.52 80.76923076923077 84.0 82.3529411764706
0.53 76.92307692307692 83.33333333333333 79.99999999999999
0.54 76.92307692307692 83.33333333333333 79.99999999999999
0.55 76.92307692307692 83.33333333333333 79.99999999999999
0.56 76.92307692307692 83.33333333333333 79.99999999999999
0.5700000000000001 73.07692307692308 82.6086956521739 77.55102040816327
0.58 73.07692307692308 82.6086956521739 77.55102040816327
0.59 73.07692307692308 82.6086956521739 77.55102040816327
0.6 73.07692307692308 82.6086956521739 77.55102040816327
0.61 73.07692307692308 82.6086956521739 77.55102040816327
0.62 73.07692307692308 82.6086956521739 77.55102040816327
0.63 69.23076923076923 81.81818181818181 75.0
0.64 69.23076923076923 81.81818181818181 75.0
0.65 69.23076923076923 81.81818181818181 75.0
0.66 69.23076923076923 81.81818181818181 75.0
0.67 69.23076923076923 81.81818181818181 75.0
0.68 69.23076923076923 81.81818181818181 75.0
0.6900000000000001 69.23076923076923 81.81818181818181 75.0
0.7000000000000001 69.23076923076923 81.81818181818181 75.0
0.71 69.23076923076923 81.81818181818181 75.0
0.72 69.23076923076923 81.81818181818181 75.0
0.73 69.23076923076923 85.71428571428571 76.59574468085106
0.74 69.23076923076923 85.71428571428571 76.59574468085106
0.75 69.23076923076923 85.71428571428571 76.59574468085106
0.76 69.23076923076923 85.71428571428571 76.59574468085106
0.77 65.38461538461539 85.0 73.91304347826087
0.78 65.38461538461539 85.0 73.91304347826087
0.79 65.38461538461539 85.0 73.91304347826087
0.8 65.38461538461539 85.0 73.91304347826087
0.81 65.38461538461539 85.0 73.91304347826087
0.8200000000000001 65.38461538461539 89.47368421052632 75.55555555555554
0.8300000000000001 57.69230769230769 88.23529411764706 69.76744186046513
0.84 57.69230769230769 88.23529411764706 69.76744186046513
0.85 53.84615384615385 87.5 66.66666666666667
0.86 53.84615384615385 87.5 66.66666666666667
0.87 53.84615384615385 87.5 66.66666666666667
0.88 53.84615384615385 87.5 66.66666666666667
0.89 53.84615384615385 87.5 66.66666666666667
0.9 50.0 86.66666666666667 63.41463414634146
0.91 46.15384615384615 85.71428571428571 60.0
0.92 46.15384615384615 85.71428571428571 60.0
0.93 46.15384615384615 85.71428571428571 60.0
0.9400000000000001 46.15384615384615 85.71428571428571 60.0
0.9500000000000001 42.30769230769231 91.66666666666667 57.89473684210527
0.96 26.923076923076923 87.5 41.1764705882353
0.97 26.923076923076923 87.5 41.1764705882353
0.98 19.23076923076923 83.33333333333333 31.249999999999996
0.99 15.384615384615385 80.0 25.806451612903224
1.0 15.384615384615385 80.0 25.806451612903224
