0.0	87.87878787878788	100.0	93.54838709677419
0.01	87.87878787878788	100.0	93.54838709677419
0.02	87.87878787878788	100.0	93.54838709677419
0.03	87.87878787878788	100.0	93.54838709677419
0.04	87.87878787878788	100.0	93.54838709677419
0.05	87.87878787878788	100.0	93.54838709677419
0.06	87.87878787878788	100.0	93.54838709677419
0.07	87.87878787878788	100.0	93.54838709677419
0.08	87.87878787878788	100.0	93.54838709677419
0.09	87.87878787878788	100.0	93.54838709677419
0.1	87.87878787878788	100.0	93.54838709677419
0.11	87.87878787878788	100.0	93.54838709677419
0.12	87.87878787878788	100.0	93.54838709677419
0.13	87.87878787878788	100.0	93.54838709677419
0.14	87.87878787878788	100.0	93.54838709677419
0.15	87.87878787878788	100.0	93.54838709677419
0.16	87.87878787878788	100.0	93.54838709677419
0.17	87.87878787878788	100.0	93.54838709677419
0.18	87.87878787878788	100.0	93.54838709677419
0.19	87.87878787878788	100.0	93.54838709677419
0.2	87.87878787878788	100.0	93.54838709677419
0.21	87.87878787878788	100.0	93.54838709677419
0.22	87.87878787878788	100.0	93.54838709677419
0.23	87.87878787878788	100.0	93.54838709677419
0.24	87.87878787878788	100.0	93.54838709677419
0.25	87.5	96.55172413793103	91.80327868852459
0.26	87.5	96.55172413793103	91.80327868852459
0.27	87.5	96.55172413793103	91.80327868852459
0.28	87.5	96.55172413793103	91.80327868852459
0.29	87.5	96.55172413793103	91.80327868852459
0.3	87.5	96.55172413793103	91.80327868852459
0.31	87.5	96.55172413793103	91.80327868852459
0.32	87.5	96.55172413793103	91.80327868852459
0.33	87.5	96.55172413793103	91.80327868852459
0.34	87.5	96.55172413793103	91.80327868852459
0.35000000000000003	87.5	96.55172413793103	91.80327868852459
0.36	87.5	96.55172413793103	91.80327868852459
0.37	87.5	96.55172413793103	91.80327868852459
0.38	87.5	96.55172413793103	91.80327868852459
0.39	87.5	96.55172413793103	91.80327868852459
0.4	87.09677419354838	93.10344827586206	90.0
0.41000000000000003	87.09677419354838	93.10344827586206	90.0
0.42	87.09677419354838	93.10344827586206	90.0
0.43	87.09677419354838	93.10344827586206	90.0
0.44	87.09677419354838	93.10344827586206	90.0
0.45	87.09677419354838	93.10344827586206	90.0
0.46	87.09677419354838	93.10344827586206	90.0
0.47000000000000003	87.09677419354838	93.10344827586206	90.0
0.48	87.09677419354838	93.10344827586206	90.0
0.49	86.66666666666667	89.65517241379311	88.13559322033899
0.5	86.66666666666667	89.65517241379311	88.13559322033899
0.51	86.66666666666667	89.65517241379311	88.13559322033899
0.52	86.66666666666667	89.65517241379311	88.13559322033899
0.53	86.20689655172414	86.20689655172414	86.20689655172414
0.54	86.20689655172414	86.20689655172414	86.20689655172414
0.55	86.20689655172414	86.20689655172414	86.20689655172414
0.56	86.20689655172414	86.20689655172414	86.20689655172414
0.5700000000000001	86.20689655172414	86.20689655172414	86.20689655172414
0.58	86.20689655172414	86.20689655172414	86.20689655172414
0.59	85.71428571428571	82.75862068965517	84.21052631578947
0.6	85.71428571428571	82.75862068965517	84.21052631578947
0.61	85.71428571428571	82.75862068965517	84.21052631578947
0.62	85.71428571428571	82.75862068965517	84.21052631578947
0.63	85.71428571428571	82.75862068965517	84.21052631578947
0.64	85.71428571428571	82.75862068965517	84.21052631578947
0.65	85.71428571428571	82.75862068965517	84.21052631578947
0.66	84.61538461538461	75.86206896551724	80.0
0.67	84.0	72.41379310344827	77.77777777777779
0.68	84.0	72.41379310344827	77.77777777777779
0.6900000000000001	83.33333333333333	68.96551724137932	75.47169811320755
0.7000000000000001	83.33333333333333	68.96551724137932	75.47169811320755
0.71	82.6086956521739	65.51724137931035	73.07692307692307
0.72	81.81818181818181	62.06896551724138	70.58823529411764
0.73	81.81818181818181	62.06896551724138	70.58823529411764
0.74	81.81818181818181	62.06896551724138	70.58823529411764
0.75	81.81818181818181	62.06896551724138	70.58823529411764
0.76	81.81818181818181	62.06896551724138	70.58823529411764
0.77	80.95238095238095	58.62068965517241	68.00000000000001
0.78	80.0	55.172413793103445	65.3061224489796
0.79	77.77777777777777	48.275862068965516	59.574468085106375
0.8	77.77777777777777	48.275862068965516	59.574468085106375
0.81	77.77777777777777	48.275862068965516	59.574468085106375
0.8200000000000001	73.33333333333333	37.93103448275862	50.0
0.8300000000000001	73.33333333333333	37.93103448275862	50.0
0.84	78.57142857142857	37.93103448275862	51.16279069767442
0.85	78.57142857142857	37.93103448275862	51.16279069767442
0.86	72.72727272727273	27.586206896551722	40.0
0.87	72.72727272727273	27.586206896551722	40.0
0.88	70.0	24.137931034482758	35.8974358974359
0.89	77.77777777777777	24.137931034482758	36.84210526315789
0.9	77.77777777777777	24.137931034482758	36.84210526315789
0.91	77.77777777777777	24.137931034482758	36.84210526315789
0.92	77.77777777777777	24.137931034482758	36.84210526315789
0.93	77.77777777777777	24.137931034482758	36.84210526315789
0.9400000000000001	77.77777777777777	24.137931034482758	36.84210526315789
0.9500000000000001	87.5	24.137931034482758	37.83783783783784
0.96	85.71428571428571	20.689655172413794	33.33333333333333
0.97	100.0	20.689655172413794	34.28571428571429
0.98	100.0	20.689655172413794	34.28571428571429
0.99	100.0	20.689655172413794	34.28571428571429
1.0	100.0	17.24137931034483	29.41176470588236
