0.0	100.0	87.87878787878788	93.54838709677419
0.01	100.0	87.87878787878788	93.54838709677419
0.02	100.0	87.87878787878788	93.54838709677419
0.03	100.0	87.87878787878788	93.54838709677419
0.04	100.0	87.87878787878788	93.54838709677419
0.05	100.0	87.87878787878788	93.54838709677419
0.06	100.0	87.87878787878788	93.54838709677419
0.07	100.0	87.87878787878788	93.54838709677419
0.08	100.0	87.87878787878788	93.54838709677419
0.09	100.0	87.87878787878788	93.54838709677419
0.1	100.0	87.87878787878788	93.54838709677419
0.11	100.0	87.87878787878788	93.54838709677419
0.12	100.0	87.87878787878788	93.54838709677419
0.13	100.0	87.87878787878788	93.54838709677419
0.14	100.0	87.87878787878788	93.54838709677419
0.15	100.0	87.87878787878788	93.54838709677419
0.16	100.0	87.87878787878788	93.54838709677419
0.17	100.0	87.87878787878788	93.54838709677419
0.18	100.0	87.87878787878788	93.54838709677419
0.19	100.0	87.87878787878788	93.54838709677419
0.2	100.0	87.87878787878788	93.54838709677419
0.21	100.0	87.87878787878788	93.54838709677419
0.22	100.0	87.87878787878788	93.54838709677419
0.23	100.0	87.87878787878788	93.54838709677419
0.24	100.0	87.87878787878788	93.54838709677419
0.25	100.0	87.87878787878788	93.54838709677419
0.26	100.0	87.87878787878788	93.54838709677419
0.27	100.0	87.87878787878788	93.54838709677419
0.28	100.0	87.87878787878788	93.54838709677419
0.29	100.0	87.87878787878788	93.54838709677419
0.3	100.0	87.87878787878788	93.54838709677419
0.31	100.0	87.87878787878788	93.54838709677419
0.32	100.0	87.87878787878788	93.54838709677419
0.33	100.0	87.87878787878788	93.54838709677419
0.34	100.0	87.87878787878788	93.54838709677419
0.35000000000000003	100.0	87.87878787878788	93.54838709677419
0.36	96.55172413793103	87.5	91.80327868852459
0.37	96.55172413793103	87.5	91.80327868852459
0.38	96.55172413793103	87.5	91.80327868852459
0.39	96.55172413793103	87.5	91.80327868852459
0.4	96.55172413793103	87.5	91.80327868852459
0.41000000000000003	96.55172413793103	87.5	91.80327868852459
0.42	96.55172413793103	87.5	91.80327868852459
0.43	96.55172413793103	87.5	91.80327868852459
0.44	96.55172413793103	87.5	91.80327868852459
0.45	96.55172413793103	87.5	91.80327868852459
0.46	96.55172413793103	87.5	91.80327868852459
0.47000000000000003	96.55172413793103	87.5	91.80327868852459
0.48	96.55172413793103	87.5	91.80327868852459
0.49	96.55172413793103	87.5	91.80327868852459
0.5	96.55172413793103	87.5	91.80327868852459
0.51	96.55172413793103	87.5	91.80327868852459
0.52	93.10344827586206	87.09677419354838	90.0
0.53	93.10344827586206	87.09677419354838	90.0
0.54	89.65517241379311	86.66666666666667	88.13559322033899
0.55	89.65517241379311	86.66666666666667	88.13559322033899
0.56	86.20689655172414	86.20689655172414	86.20689655172414
0.5700000000000001	86.20689655172414	86.20689655172414	86.20689655172414
0.58	86.20689655172414	86.20689655172414	86.20689655172414
0.59	86.20689655172414	86.20689655172414	86.20689655172414
0.6	82.75862068965517	85.71428571428571	84.21052631578947
0.61	82.75862068965517	85.71428571428571	84.21052631578947
0.62	79.3103448275862	85.18518518518519	82.14285714285715
0.63	79.3103448275862	85.18518518518519	82.14285714285715
0.64	79.3103448275862	85.18518518518519	82.14285714285715
0.65	79.3103448275862	88.46153846153847	83.63636363636364
0.66	79.3103448275862	88.46153846153847	83.63636363636364
0.67	75.86206896551724	88.0	81.48148148148148
0.68	72.41379310344827	87.5	79.24528301886792
0.6900000000000001	68.96551724137932	86.95652173913044	76.92307692307693
0.7000000000000001	68.96551724137932	86.95652173913044	76.92307692307693
0.71	65.51724137931035	86.36363636363636	74.50980392156863
0.72	65.51724137931035	86.36363636363636	74.50980392156863
0.73	65.51724137931035	86.36363636363636	74.50980392156863
0.74	58.62068965517241	85.0	69.38775510204081
0.75	58.62068965517241	85.0	69.38775510204081
0.76	58.62068965517241	85.0	69.38775510204081
0.77	58.62068965517241	85.0	69.38775510204081
0.78	55.172413793103445	84.21052631578948	66.66666666666667
0.79	55.172413793103445	84.21052631578948	66.66666666666667
0.8	55.172413793103445	84.21052631578948	66.66666666666667
0.81	51.724137931034484	83.33333333333333	63.82978723404255
0.8200000000000001	44.827586206896555	81.25	57.77777777777778
0.8300000000000001	44.827586206896555	81.25	57.77777777777778
0.84	44.827586206896555	81.25	57.77777777777778
0.85	41.37931034482759	80.0	54.54545454545455
0.86	41.37931034482759	80.0	54.54545454545455
0.87	41.37931034482759	80.0	54.54545454545455
0.88	41.37931034482759	80.0	54.54545454545455
0.89	37.93103448275862	78.57142857142857	51.16279069767442
0.9	34.48275862068966	76.92307692307692	47.61904761904762
0.91	34.48275862068966	76.92307692307692	47.61904761904762
0.92	34.48275862068966	76.92307692307692	47.61904761904762
0.93	27.586206896551722	72.72727272727273	40.0
0.9400000000000001	27.586206896551722	80.0	41.02564102564102
0.9500000000000001	20.689655172413794	75.0	32.43243243243243
0.96	17.24137931034483	71.42857142857143	27.777777777777782
0.97	17.24137931034483	71.42857142857143	27.777777777777782
0.98	13.793103448275861	66.66666666666667	22.857142857142858
0.99	13.793103448275861	66.66666666666667	22.857142857142858
1.0	10.344827586206897	60.0	17.647058823529413
