0	0	27
0	0	27
0	0	27
0	0	27
0	0	27
0	0	27
0	0	27
0	0	27
0	0	27
0	0	27
0	0	27
0	0	27
0	0	27
0	0	27
0	0	27
0	0	27
0	0	27
0	0	27
0	0	27
0	0	27
0	0	27
0	0	27
0	0	27
0	0	27
0	0	27
0	0	27
0	0	27
0	0	27
0	0	27
0	0	27
0	0	27
0	0	27
0	0	27
0	0	27
0	0	27
0	0	27
1	0	26
1	0	26
1	0	26
1	0	26
1	0	26
1	0	26
1	0	26
1	0	26
1	0	26
1	0	26
1	0	26
1	0	26
1	0	26
1	0	26
1	0	26
1	0	26
2	0	25
2	0	25
3	0	24
3	0	24
4	0	23
4	0	23
4	0	23
4	0	23
5	0	22
5	0	22
6	0	21
6	0	21
6	0	21
6	0	21
6	0	21
7	0	20
8	0	19
9	0	18
9	0	18
10	0	17
10	0	17
10	0	17
12	0	15
12	0	15
12	0	15
12	0	15
13	0	14
13	0	14
13	0	14
14	0	13
16	0	11
16	0	11
16	0	11
17	0	10
17	0	10
17	0	10
17	0	10
18	0	9
19	0	8
19	0	8
19	0	8
21	0	6
21	0	6
23	0	4
24	0	3
24	0	3
24	0	3
24	0	3
25	0	2
