0.0	100.0	87.87878787878788	93.54838709677419
0.01	100.0	87.87878787878788	93.54838709677419
0.02	100.0	87.87878787878788	93.54838709677419
0.03	100.0	87.87878787878788	93.54838709677419
0.04	100.0	87.87878787878788	93.54838709677419
0.05	100.0	87.87878787878788	93.54838709677419
0.06	100.0	87.87878787878788	93.54838709677419
0.07	100.0	87.87878787878788	93.54838709677419
0.08	100.0	87.87878787878788	93.54838709677419
0.09	100.0	87.87878787878788	93.54838709677419
0.1	100.0	87.87878787878788	93.54838709677419
0.11	100.0	87.87878787878788	93.54838709677419
0.12	100.0	87.87878787878788	93.54838709677419
0.13	100.0	87.87878787878788	93.54838709677419
0.14	100.0	87.87878787878788	93.54838709677419
0.15	100.0	87.87878787878788	93.54838709677419
0.16	100.0	87.87878787878788	93.54838709677419
0.17	100.0	87.87878787878788	93.54838709677419
0.18	100.0	87.87878787878788	93.54838709677419
0.19	100.0	87.87878787878788	93.54838709677419
0.2	100.0	87.87878787878788	93.54838709677419
0.21	100.0	87.87878787878788	93.54838709677419
0.22	100.0	87.87878787878788	93.54838709677419
0.23	100.0	87.87878787878788	93.54838709677419
0.24	100.0	87.87878787878788	93.54838709677419
0.25	100.0	87.87878787878788	93.54838709677419
0.26	100.0	87.87878787878788	93.54838709677419
0.27	100.0	87.87878787878788	93.54838709677419
0.28	100.0	87.87878787878788	93.54838709677419
0.29	100.0	87.87878787878788	93.54838709677419
0.3	100.0	87.87878787878788	93.54838709677419
0.31	100.0	87.87878787878788	93.54838709677419
0.32	100.0	87.87878787878788	93.54838709677419
0.33	100.0	87.87878787878788	93.54838709677419
0.34	96.55172413793103	87.5	91.80327868852459
0.35000000000000003	96.55172413793103	87.5	91.80327868852459
0.36	96.55172413793103	87.5	91.80327868852459
0.37	96.55172413793103	87.5	91.80327868852459
0.38	96.55172413793103	87.5	91.80327868852459
0.39	96.55172413793103	87.5	91.80327868852459
0.4	96.55172413793103	87.5	91.80327868852459
0.41000000000000003	96.55172413793103	87.5	91.80327868852459
0.42	96.55172413793103	87.5	91.80327868852459
0.43	93.10344827586206	87.09677419354838	90.0
0.44	93.10344827586206	87.09677419354838	90.0
0.45	93.10344827586206	87.09677419354838	90.0
0.46	93.10344827586206	87.09677419354838	90.0
0.47000000000000003	93.10344827586206	87.09677419354838	90.0
0.48	93.10344827586206	87.09677419354838	90.0
0.49	93.10344827586206	87.09677419354838	90.0
0.5	93.10344827586206	87.09677419354838	90.0
0.51	93.10344827586206	87.09677419354838	90.0
0.52	93.10344827586206	87.09677419354838	90.0
0.53	93.10344827586206	87.09677419354838	90.0
0.54	93.10344827586206	87.09677419354838	90.0
0.55	93.10344827586206	87.09677419354838	90.0
0.56	93.10344827586206	87.09677419354838	90.0
0.5700000000000001	93.10344827586206	87.09677419354838	90.0
0.58	93.10344827586206	87.09677419354838	90.0
0.59	93.10344827586206	87.09677419354838	90.0
0.6	86.20689655172414	86.20689655172414	86.20689655172414
0.61	86.20689655172414	86.20689655172414	86.20689655172414
0.62	86.20689655172414	86.20689655172414	86.20689655172414
0.63	82.75862068965517	85.71428571428571	84.21052631578947
0.64	82.75862068965517	85.71428571428571	84.21052631578947
0.65	82.75862068965517	85.71428571428571	84.21052631578947
0.66	79.3103448275862	85.18518518518519	82.14285714285715
0.67	79.3103448275862	85.18518518518519	82.14285714285715
0.68	75.86206896551724	84.61538461538461	80.0
0.6900000000000001	75.86206896551724	84.61538461538461	80.0
0.7000000000000001	72.41379310344827	84.0	77.77777777777779
0.71	72.41379310344827	84.0	77.77777777777779
0.72	68.96551724137932	83.33333333333333	75.47169811320755
0.73	68.96551724137932	83.33333333333333	75.47169811320755
0.74	65.51724137931035	82.6086956521739	73.07692307692307
0.75	65.51724137931035	82.6086956521739	73.07692307692307
0.76	65.51724137931035	82.6086956521739	73.07692307692307
0.77	65.51724137931035	82.6086956521739	73.07692307692307
0.78	65.51724137931035	82.6086956521739	73.07692307692307
0.79	65.51724137931035	86.36363636363636	74.50980392156863
0.8	65.51724137931035	86.36363636363636	74.50980392156863
0.81	62.06896551724138	85.71428571428571	72.0
0.8200000000000001	62.06896551724138	85.71428571428571	72.0
0.8300000000000001	62.06896551724138	85.71428571428571	72.0
0.84	55.172413793103445	84.21052631578948	66.66666666666667
0.85	55.172413793103445	84.21052631578948	66.66666666666667
0.86	55.172413793103445	84.21052631578948	66.66666666666667
0.87	48.275862068965516	87.5	62.22222222222222
0.88	44.827586206896555	86.66666666666667	59.09090909090909
0.89	41.37931034482759	85.71428571428571	55.81395348837209
0.9	41.37931034482759	85.71428571428571	55.81395348837209
0.91	37.93103448275862	84.61538461538461	52.38095238095238
0.92	37.93103448275862	84.61538461538461	52.38095238095238
0.93	37.93103448275862	91.66666666666667	53.65853658536585
0.9400000000000001	27.586206896551722	88.88888888888889	42.10526315789474
0.9500000000000001	27.586206896551722	88.88888888888889	42.10526315789474
0.96	27.586206896551722	88.88888888888889	42.10526315789474
0.97	27.586206896551722	88.88888888888889	42.10526315789474
0.98	24.137931034482758	87.5	37.83783783783784
0.99	24.137931034482758	87.5	37.83783783783784
1.0	24.137931034482758	87.5	37.83783783783784
