0	0	27
0	0	27
0	0	27
0	0	27
0	0	27
0	0	27
0	0	27
0	0	27
0	0	27
0	0	27
0	0	27
0	0	27
0	0	27
0	0	27
0	0	27
0	0	27
0	0	27
0	0	27
0	0	27
0	0	27
0	0	27
0	0	27
0	0	27
0	0	27
0	0	27
1	0	26
1	0	26
1	0	26
1	0	26
1	0	26
1	0	26
1	0	26
1	0	26
1	0	26
1	0	26
1	0	26
1	0	26
1	0	26
1	0	26
1	0	26
2	0	25
2	0	25
2	0	25
2	0	25
2	0	25
2	0	25
2	0	25
2	0	25
2	0	25
3	0	24
3	0	24
3	0	24
3	0	24
4	0	23
4	0	23
4	0	23
4	0	23
4	0	23
4	0	23
5	0	22
5	0	22
5	0	22
5	0	22
5	0	22
5	0	22
5	0	22
7	0	20
7	0	20
7	0	20
8	0	19
8	0	19
9	0	18
10	0	17
10	0	17
10	0	17
10	0	17
10	0	17
10	0	17
11	0	16
13	0	14
13	0	14
13	0	14
16	0	11
16	0	11
16	0	11
16	0	11
19	0	8
19	0	8
20	0	7
20	0	7
20	0	7
20	0	7
20	0	7
20	0	7
20	0	7
20	0	7
21	0	6
21	0	6
21	0	6
21	0	6
22	0	5
